META	HEADER	GNSS location/orientation script
META	VERSION	1.0.1
META	FORMAT	ASCII
META	CONTENT	DEFAULT
META	TIMESTAMPS	UPTIME
META	END
Uptime	Origin_X	Origin_Y	Origin_Z	Basis_XX	Basis_XY	Basis_XZ	Basis_YX	Basis_YY	Basis_YZ	Basis_ZX	Basis_ZY	Basis_ZZ
704767	3.8142	0.3062	2.8317	0.987354	0.148393	-0.055782	-0.152829	0.984490	-0.086150	0.042132	0.093586	0.994719
704893	3.8136	0.3062	2.8314	0.987146	0.149913	-0.055390	-0.154373	0.984112	-0.087710	0.041361	0.095133	0.994605
705014	3.8132	0.3059	2.8319	0.987297	0.148849	-0.055584	-0.153296	0.984354	-0.086880	0.041783	0.094298	0.994667
705144	3.8144	0.3062	2.8337	0.987118	0.149623	-0.056673	-0.154219	0.984111	-0.087988	0.042607	0.095594	0.994508
705266	3.8144	0.3087	2.8318	0.987172	0.149935	-0.054876	-0.154255	0.984325	-0.085502	0.041196	0.092870	0.994826
705395	3.8141	0.3077	2.8328	0.987127	0.150214	-0.054912	-0.154645	0.984033	-0.088118	0.040799	0.095476	0.994595
705517	3.8146	0.3085	2.8335	0.986975	0.150797	-0.056036	-0.155266	0.984079	-0.086497	0.042101	0.094071	0.994675
705641	3.8144	0.3104	2.8329	0.986947	0.151129	-0.055636	-0.155560	0.984030	-0.086522	0.041671	0.094047	0.994695
705769	3.8179	0.2950	2.8362	0.987605	0.146753	-0.055681	-0.152029	0.982591	-0.106785	0.039041	0.113927	0.992722
705887	3.8210	0.2956	2.8367	0.988086	0.143462	-0.055720	-0.149068	0.982155	-0.114677	0.038274	0.121617	0.991839
706017	3.8203	0.2957	2.8366	0.988021	0.144150	-0.055089	-0.149669	0.982082	-0.114514	0.037594	0.121388	0.991893
706147	3.8195	0.2955	2.8363	0.988105	0.143262	-0.055901	-0.148764	0.982576	-0.111420	0.038965	0.118410	0.992200
706271	3.8212	0.2970	2.8361	0.988052	0.144090	-0.054689	-0.149527	0.982207	-0.113629	0.037343	0.120449	0.992017
706397	3.8212	0.2945	2.8354	0.988229	0.142515	-0.055619	-0.147963	0.982769	-0.110776	0.038873	0.117702	0.992288
706519	3.8208	0.2947	2.8362	0.988249	0.142178	-0.056112	-0.147713	0.982727	-0.111480	0.039292	0.118459	0.992181
706642	3.8220	0.2951	2.8366	0.988300	0.142253	-0.055019	-0.147703	0.982595	-0.112651	0.038036	0.119459	0.992110
706762	3.8206	0.2963	2.8349	0.988145	0.142590	-0.056898	-0.148128	0.982908	-0.109319	0.040337	0.116451	0.992377
706893	3.8190	0.2960	2.8338	0.988324	0.142223	-0.054661	-0.147488	0.983048	-0.108926	0.038243	0.115716	0.992546
707017	3.8197	0.2946	2.8324	0.988360	0.141720	-0.055314	-0.147033	0.983202	-0.108142	0.039059	0.115016	0.992595
707146	3.8205	0.2939	2.8335	0.988385	0.141646	-0.055054	-0.147031	0.982909	-0.110778	0.038422	0.117586	0.992319
707266	3.8208	0.2952	2.8334	0.988047	0.143586	-0.056088	-0.149028	0.982764	-0.109389	0.039415	0.116440	0.992415
707396	3.8198	0.2930	2.8331	0.988359	0.141968	-0.054699	-0.147218	0.983146	-0.108398	0.038388	0.115189	0.992602
707517	3.8202	0.2954	2.8332	0.988202	0.142681	-0.055672	-0.148066	0.982947	-0.109049	0.039164	0.116006	0.992476
707637	3.8206	0.2945	2.8342	0.988287	0.142367	-0.054950	-0.147712	0.982878	-0.110144	0.038328	0.116971	0.992395
707769	3.8199	0.2947	2.8303	0.988150	0.142237	-0.057694	-0.147798	0.983151	-0.107565	0.041422	0.114817	0.992523
707891	3.8208	0.2956	2.8308	0.988112	0.142579	-0.057496	-0.148082	0.983194	-0.106772	0.041306	0.114017	0.992620
708017	3.8193	0.2951	2.8300	0.988155	0.142243	-0.057591	-0.147811	0.983097	-0.108036	0.041251	0.115269	0.992477
708146	3.8204	0.2942	2.8330	0.988239	0.142429	-0.055657	-0.147772	0.983107	-0.108001	0.039335	0.114955	0.992592
708269	3.8203	0.2932	2.8324	0.988314	0.142123	-0.055110	-0.147415	0.983129	-0.108290	0.038789	0.115149	0.992591
708398	3.8214	0.2922	2.8340	0.988282	0.142402	-0.054968	-0.147706	0.983001	-0.109053	0.038504	0.115894	0.992515
708514	3.8197	0.2945	2.8323	0.988243	0.142281	-0.055963	-0.147642	0.983175	-0.107562	0.039717	0.114560	0.992622
708642	3.8213	0.2937	2.8334	0.988027	0.143646	-0.056286	-0.149125	0.982708	-0.109759	0.039546	0.116839	0.992363
708767	3.8200	0.2940	2.8324	0.988327	0.141682	-0.056003	-0.147045	0.983280	-0.107413	0.039848	0.114395	0.992636
708891	3.8202	0.2949	2.8314	0.988326	0.141665	-0.056061	-0.147068	0.983187	-0.108230	0.039787	0.115211	0.992544
709018	3.8194	0.2948	2.8332	0.988391	0.141057	-0.056445	-0.146529	0.983207	-0.108783	0.040152	0.115791	0.992462
709147	3.8196	0.2954	2.8332	0.988303	0.141156	-0.057734	-0.146823	0.983041	-0.109880	0.041245	0.117071	0.992267
709269	3.8194	0.2952	2.8341	0.988363	0.140562	-0.058146	-0.146215	0.983305	-0.108319	0.041950	0.115560	0.992414
709395	3.8208	0.2968	2.8333	0.988194	0.141733	-0.058169	-0.147404	0.983071	-0.108826	0.041760	0.116115	0.992357
709515	3.8192	0.2956	2.8322	0.988409	0.141010	-0.056254	-0.146474	0.983178	-0.109114	0.039922	0.116089	0.992436
709641	3.8161	0.2989	2.8344	0.987412	0.147102	-0.058118	-0.152815	0.982040	-0.110657	0.040797	0.118145	0.992158
709766	3.8145	0.3003	2.8328	0.987114	0.149855	-0.056124	-0.154561	0.983701	-0.091887	0.041439	0.099378	0.994187
709890	3.8123	0.3010	2.8321	0.986624	0.153030	-0.056159	-0.157345	0.984069	-0.082763	0.042599	0.090493	0.994986
710014	3.8129	0.3015	2.8320	0.986074	0.155522	-0.058907	-0.159893	0.983995	-0.078661	0.045730	0.086984	0.995160
710144	3.8131	0.3029	2.8309	0.986100	0.155516	-0.058501	-0.159903	0.983904	-0.079780	0.045152	0.088026	0.995094
710265	3.8141	0.3031	2.8309	0.986128	0.155581	-0.057847	-0.159845	0.984029	-0.078341	0.044735	0.086501	0.995247
710386	3.8136	0.3035	2.8301	0.986297	0.154492	-0.057887	-0.158728	0.984270	-0.077581	0.044991	0.085707	0.995304
710516	3.8149	0.3023	2.8311	0.986211	0.155183	-0.057506	-0.159385	0.984162	-0.077595	0.044554	0.085690	0.995325
710643	3.8135	0.3041	2.8309	0.986265	0.154751	-0.057734	-0.158875	0.984415	-0.075410	0.045165	0.083547	0.995480
710772	3.8128	0.3034	2.8303	0.986117	0.155594	-0.058004	-0.159852	0.984062	-0.077907	0.044958	0.086098	0.995272
710891	3.8127	0.3037	2.8303	0.985996	0.155910	-0.059203	-0.160207	0.984112	-0.076528	0.046331	0.084941	0.995308
711014	3.8130	0.3041	2.8300	0.986301	0.154353	-0.058186	-0.158498	0.984505	-0.075026	0.045704	0.083221	0.995483
711144	3.8123	0.3064	2.8292	0.986093	0.155776	-0.057916	-0.159837	0.984385	-0.073747	0.045524	0.081978	0.995594
711261	3.8127	0.3062	2.8297	0.986075	0.155608	-0.058675	-0.159804	0.984272	-0.075303	0.046035	0.083631	0.995433
711396	3.8131	0.3039	2.8292	0.986091	0.155854	-0.057732	-0.159959	0.984269	-0.075020	0.045131	0.083212	0.995509
711516	3.8143	0.3066	2.8303	0.986056	0.155834	-0.058385	-0.159896	0.984438	-0.072910	0.046115	0.081229	0.995628
711643	3.8133	0.3058	2.8288	0.986181	0.155301	-0.057692	-0.159330	0.984492	-0.073416	0.045396	0.081593	0.995631
711769	3.8168	0.2992	2.8314	0.987700	0.145123	-0.058215	-0.150684	0.982828	-0.106503	0.041759	0.113965	0.992607
711894	3.8164	0.2994	2.8315	0.987762	0.144941	-0.057610	-0.150532	0.982593	-0.108860	0.040829	0.116200	0.992386
712017	3.8166	0.2986	2.8308	0.987820	0.144875	-0.056769	-0.150276	0.982882	-0.106584	0.040356	0.113817	0.992682
712142	3.8167	0.2973	2.8318	0.987611	0.146062	-0.057371	-0.151604	0.982469	-0.108498	0.040518	0.115851	0.992440
712270	3.8176	0.2988	2.8313	0.987613	0.146367	-0.056543	-0.151819	0.982413	-0.108695	0.039639	0.115933	0.992466
712394	3.8174	0.2981	2.8322	0.987626	0.146165	-0.056841	-0.151667	0.982399	-0.109038	0.039903	0.116309	0.992411
712517	3.8178	0.2999	2.8311	0.987543	0.146150	-0.058293	-0.151749	0.982578	-0.107302	0.041596	0.114811	0.992516
712644	3.8186	0.2980	2.8314	0.987565	0.146096	-0.058059	-0.151622	0.982718	-0.106193	0.041542	0.113676	0.992649
712770	3.8176	0.2998	2.8308	0.987522	0.146138	-0.058682	-0.151789	0.982552	-0.107475	0.041952	0.115041	0.992475
712897	3.8187	0.2988	2.8318	0.987631	0.145510	-0.058415	-0.151127	0.982671	-0.107327	0.041786	0.114827	0.992506
713015	3.8199	0.2986	2.8321	0.987719	0.145170	-0.057766	-0.150622	0.982986	-0.105130	0.041522	0.112539	0.992779
713144	3.8025	0.2952	2.8211	0.989152	0.140632	-0.042431	-0.144326	0.984204	-0.102535	0.027341	0.107546	0.993824
713263	3.7920	0.2980	2.8228	0.989406	0.137917	-0.045333	-0.141931	0.984577	-0.102291	0.030526	0.107641	0.993721
713389	3.7826	0.2977	2.8222	0.989991	0.133958	-0.044408	-0.137832	0.985361	-0.100325	0.030319	0.105442	0.993963
713509	3.7676	0.2966	2.8292	0.990342	0.129563	-0.049360	-0.134165	0.985329	-0.105483	0.034969	0.111087	0.993195
713633	3.7502	0.2952	2.8514	0.990560	0.120572	-0.065211	-0.127396	0.985365	-0.113252	0.050602	0.120491	0.991424
713758	3.7331	0.2946	2.8901	0.989061	0.110674	-0.097520	-0.123045	0.983633	-0.131625	0.081356	0.142185	0.986491
713883	3.7206	0.3001	2.9395	0.984514	0.101056	-0.143249	-0.123145	0.980237	-0.154827	0.124772	0.170069	0.977501
714004	3.7092	0.3038	3.0009	0.977063	0.087712	-0.194046	-0.123275	0.975995	-0.179548	0.173640	0.199351	0.964421
714135	3.7016	0.3092	3.0698	0.967156	0.072405	-0.243651	-0.125481	0.969627	-0.209948	0.221050	0.233626	0.946866
714258	3.6977	0.3182	3.1423	0.953160	0.056342	-0.297174	-0.131434	0.962041	-0.239169	0.272418	0.267025	0.924384
714389	3.6648	0.3205	3.1305	0.959076	0.047030	-0.279216	-0.115898	0.964922	-0.235570	0.258343	0.258290	0.930884
714512	3.7243	0.3330	3.1695	0.943333	0.051125	-0.327886	-0.139585	0.957532	-0.252288	0.301063	0.283759	0.910407
714634	3.7032	0.3272	3.1060	0.959723	0.060580	-0.274340	-0.125635	0.965943	-0.226209	0.251293	0.251565	0.934648
714757	3.7214	0.3231	3.1153	0.956199	0.065556	-0.285283	-0.134530	0.963992	-0.229394	0.259973	0.257726	0.930587
714880	3.7254	0.3570	3.1184	0.955654	0.049011	-0.290386	-0.122479	0.962875	-0.240562	0.267815	0.265460	0.926178
715011	3.7085	0.3745	3.1034	0.960095	0.036123	-0.277333	-0.104140	0.966489	-0.234634	0.259563	0.254153	0.931683
715138	3.7153	0.3636	3.1025	0.960120	0.045271	-0.275899	-0.112303	0.966144	-0.232280	0.256042	0.254000	0.932698
715261	3.7355	0.3506	3.1115	0.955254	0.063569	-0.288876	-0.132421	0.965204	-0.225489	0.264491	0.253652	0.930433
715401	3.7530	0.3432	3.1121	0.952668	0.062558	-0.297506	-0.121919	0.975075	-0.185375	0.278494	0.212872	0.936550
715512	3.7649	0.3494	3.1201	0.947950	0.074615	-0.309553	-0.135663	0.974150	-0.180630	0.288074	0.213223	0.933568
715638	3.7601	0.3402	3.1120	0.952142	0.073866	-0.296597	-0.129075	0.976762	-0.171102	0.277066	0.201197	0.939550
715759	3.7527	0.3446	3.1024	0.953922	0.071319	-0.291455	-0.123835	0.978334	-0.165912	0.273308	0.194359	0.942087
715887	3.7508	0.3448	3.0979	0.955148	0.071010	-0.287488	-0.122652	0.978501	-0.165808	0.269533	0.193632	0.943323
716010	3.7542	0.3459	3.0985	0.955028	0.072801	-0.287440	-0.124564	0.978208	-0.166112	0.269083	0.194446	0.943284
716140	3.7280	0.3830	3.0310	0.971759	0.056461	-0.229121	-0.091325	0.985276	-0.144537	0.217587	0.161379	0.962607
716279	3.7419	0.4245	3.0870	0.958838	0.029109	-0.282459	-0.082984	0.980032	-0.180698	0.271559	0.196700	0.942107
716391	3.7554	0.4202	3.1003	0.954434	0.033739	-0.296508	-0.091978	0.978476	-0.184730	0.283893	0.203585	0.936994
716514	3.7680	0.4061	3.1063	0.951010	0.044278	-0.305974	-0.104322	0.977604	-0.182779	0.291028	0.205745	0.934330
716631	3.7730	0.4119	3.1079	0.950384	0.040784	-0.308393	-0.102362	0.977160	-0.186227	0.293754	0.208555	0.932852
716758	3.7833	0.4207	3.1169	0.948206	0.030529	-0.316187	-0.113907	0.961853	-0.248725	0.296532	0.271859	0.915512
716880	3.7915	0.4284	3.1311	0.943196	0.025212	-0.331280	-0.116422	0.958974	-0.258486	0.311171	0.282371	0.907435
717006	3.7843	0.4343	3.1141	0.948761	0.023879	-0.315090	-0.108438	0.961193	-0.253672	0.296805	0.274842	0.914532
717138	3.7955	0.4464	3.1254	0.943491	0.018374	-0.330888	-0.110524	0.958744	-0.261907	0.312425	0.283678	0.906597
717260	3.8256	0.4521	3.1176	0.942552	0.025097	-0.333115	-0.118151	0.957767	-0.262149	0.312467	0.286447	0.905711
717388	3.8220	0.4551	3.1125	0.943313	0.022643	-0.331132	-0.114354	0.958757	-0.260208	0.311583	0.283324	0.906997
717509	3.8038	0.4592	3.0920	0.952063	0.019673	-0.305270	-0.100747	0.962421	-0.252181	0.288837	0.270847	0.918267
717636	3.8247	0.4597	3.1129	0.943650	0.020927	-0.330283	-0.113737	0.957718	-0.264275	0.310787	0.286948	0.906130
717762	3.8341	0.4505	3.1123	0.942686	0.028440	-0.332467	-0.120648	0.958004	-0.260139	0.311106	0.285341	0.906528
717886	3.8253	0.4648	3.1062	0.945228	0.019416	-0.325832	-0.110309	0.958500	-0.262887	0.307205	0.284431	0.908143
718013	3.8468	0.4407	3.1039	0.942925	0.038607	-0.330761	-0.129058	0.957998	-0.256095	0.306981	0.284166	0.908302
718140	3.8585	0.4573	3.1072	0.939200	0.032281	-0.341850	-0.127970	0.956753	-0.261241	0.318633	0.289104	0.902714
718259	3.8646	0.4615	3.1094	0.937628	0.031694	-0.346192	-0.129482	0.956022	-0.263166	0.322626	0.291578	0.900497
718388	3.8464	0.4706	3.1160	0.938534	0.022354	-0.344463	-0.120959	0.955926	-0.267534	0.323300	0.292756	0.899873
718510	3.8445	0.5127	3.1314	0.932286	-0.007906	-0.361634	-0.104051	0.951643	-0.289047	0.346432	0.307103	0.886382
718636	3.8474	0.5312	3.1286	0.931419	-0.018612	-0.363473	-0.096487	0.950328	-0.295917	0.350926	0.310693	0.883358
718762	3.8370	0.5529	3.1134	0.937085	-0.029484	-0.347853	-0.079114	0.952568	-0.293864	0.340018	0.302896	0.890305
718889	3.8657	0.5242	3.1126	0.935068	-0.003883	-0.354446	-0.104090	0.952847	-0.285041	0.338840	0.303427	0.890573
719013	3.8763	0.5395	3.1144	0.931349	-0.011202	-0.363956	-0.102507	0.951037	-0.291584	0.349402	0.308875	0.884599
719144	3.8973	0.5235	3.1090	0.928909	0.005860	-0.370261	-0.119040	0.951529	-0.283587	0.350653	0.307502	0.884582
719265	3.9125	0.5162	3.0986	0.931284	0.017832	-0.363857	-0.125898	0.953014	-0.275526	0.341847	0.302402	0.889772
719390	3.9281	0.5148	3.0952	0.929474	0.023867	-0.368116	-0.133580	0.951957	-0.275561	0.343853	0.305300	0.888007
719516	3.9448	0.5140	3.0865	0.929028	0.031021	-0.368706	-0.139341	0.952451	-0.270962	0.342769	0.303107	0.889177
719640	3.9566	0.5123	3.0696	0.933151	0.041647	-0.357065	-0.138819	0.957967	-0.251056	0.331601	0.283840	0.899709
719766	3.9674	0.5084	3.0484	0.940613	0.049183	-0.335899	-0.129728	0.966431	-0.221768	0.313716	0.252173	0.915418
719887	3.9920	0.5095	3.0339	0.941583	0.049585	-0.333111	-0.133416	0.963098	-0.233758	0.309227	0.264545	0.913452
720013	4.0044	0.5059	3.0242	0.944584	0.058299	-0.323051	-0.136428	0.964808	-0.224794	0.298577	0.256410	0.919296
720144	4.0217	0.5068	3.0134	0.945294	0.069238	-0.318789	-0.143696	0.965681	-0.216360	0.292868	0.250332	0.922801
720260	4.0336	0.5029	3.0024	0.946735	0.077199	-0.312623	-0.148600	0.966022	-0.211468	0.285676	0.246660	0.926039
720390	4.0368	0.5018	2.9844	0.952650	0.086420	-0.291528	-0.149029	0.968413	-0.199918	0.265043	0.233898	0.935438
720516	3.9455	0.4983	3.0625	0.939908	0.034947	-0.339634	-0.121949	0.963493	-0.238346	0.318905	0.265442	0.909857
720643	3.9078	0.4991	3.0885	0.938481	0.016211	-0.344949	-0.108822	0.961887	-0.250862	0.327735	0.272968	0.904477
720774	3.8657	0.5101	3.1083	0.938624	-0.007034	-0.344871	-0.088458	0.961450	-0.260363	0.333407	0.274889	0.901818
720891	3.8482	0.5139	3.1207	0.937331	-0.017120	-0.348018	-0.081914	0.959973	-0.267846	0.338674	0.279568	0.898411
721016	3.8404	0.5153	3.1262	0.936940	-0.020674	-0.348877	-0.078729	0.960105	-0.268328	0.340506	0.278874	0.897934
721137	3.8387	0.5167	3.1348	0.933951	-0.026212	-0.356439	-0.077033	0.959103	-0.272375	0.349001	0.281843	0.893735
721261	3.8443	0.5199	3.1189	0.937419	-0.022383	-0.347483	-0.075997	0.960722	-0.266905	0.339809	0.276610	0.898898
721408	3.8111	0.5290	3.0950	0.949035	-0.029016	-0.313831	-0.055600	0.964722	-0.257333	0.310226	0.261667	0.913942
721512	3.8083	0.5302	3.0828	0.951994	-0.031432	-0.304498	-0.047722	0.967314	-0.249052	0.302373	0.251627	0.919377
721637	3.8079	0.5289	3.0742	0.955377	-0.025554	-0.294280	-0.049262	0.968516	-0.244030	0.291251	0.247637	0.924039
721761	3.7986	0.5268	3.0775	0.954780	-0.019146	-0.296696	-0.062660	0.962552	-0.263757	0.290636	0.270420	0.917826
721886	3.7859	0.5452	3.0980	0.949118	-0.039269	-0.312462	-0.053116	0.958018	-0.281743	0.310408	0.284005	0.907187
722009	3.7712	0.5604	3.1177	0.944746	-0.055104	-0.323138	-0.045433	0.954244	-0.295557	0.324639	0.293908	0.899015
722150	3.7343	0.5717	3.0808	0.957403	-0.064676	-0.281418	-0.016599	0.960654	-0.277250	0.288277	0.270111	0.918660
722274	3.7540	0.5941	3.1069	0.947158	-0.077533	-0.311255	-0.020499	0.953735	-0.299950	0.320111	0.290481	0.901748
722390	3.7603	0.5852	3.1020	0.948575	-0.070338	-0.308638	-0.025388	0.954955	-0.295663	0.315532	0.288294	0.904061
722515	3.7691	0.5761	3.0977	0.949222	-0.062378	-0.308363	-0.031037	0.956799	-0.289088	0.313074	0.283980	0.906278
722645	3.7793	0.5734	3.0990	0.948342	-0.056878	-0.312109	-0.038300	0.956076	-0.290607	0.314929	0.287549	0.904508
722769	3.7858	0.5737	3.1013	0.947289	-0.057247	-0.315223	-0.039350	0.955667	-0.291808	0.317953	0.288831	0.903041
722889	3.7998	0.5699	3.1082	0.943778	-0.053753	-0.326181	-0.048381	0.953609	-0.297136	0.327021	0.296211	0.897394
723010	3.7882	0.5890	3.1039	0.944489	-0.066867	-0.321665	-0.034246	0.953699	-0.298807	0.326752	0.293236	0.898468
723143	3.7990	0.5801	3.1014	0.944983	-0.056559	-0.322192	-0.043174	0.954759	-0.294229	0.324257	0.291951	0.899790
723266	3.8071	0.5875	3.1058	0.942557	-0.069678	-0.326699	-0.040054	0.947374	-0.317614	0.331637	0.312455	0.890162
723399	3.8165	0.6022	3.1049	0.940747	-0.082106	-0.329019	-0.042734	0.933808	-0.355214	0.336406	0.348227	0.874968
723516	3.8218	0.6051	3.1113	0.937573	-0.071953	-0.340265	-0.055026	0.935352	-0.349411	0.343409	0.346322	0.873001
723635	3.8250	0.6096	3.1103	0.936055	-0.076806	-0.343367	-0.055242	0.931700	-0.359004	0.347489	0.355016	0.867879
723757	3.8293	0.6117	3.1139	0.934949	-0.074732	-0.346821	-0.057477	0.932744	-0.355927	0.350095	0.352708	0.867773
723878	3.8342	0.6157	3.1229	0.930764	-0.077767	-0.357256	-0.062105	0.929290	-0.364091	0.360309	0.361070	0.860120
724007	3.8418	0.6186	3.1392	0.924341	-0.082582	-0.372523	-0.066884	0.926115	-0.371264	0.375659	0.368091	0.850523
724137	3.8499	0.6232	3.1643	0.914199	-0.089085	-0.395353	-0.075645	0.920886	-0.382423	0.398143	0.379517	0.835134
724261	3.9226	0.6482	3.2562	0.859038	-0.118818	-0.497932	-0.126126	0.893579	-0.430823	0.496131	0.432895	0.752632
724386	3.9394	0.6519	3.2719	0.847238	-0.124435	-0.516434	-0.136070	0.888906	-0.437413	0.513491	0.440865	0.736183
724508	3.9233	0.6503	3.2603	0.858056	-0.121364	-0.499009	-0.125814	0.892387	-0.433377	0.497906	0.434644	0.750449
724634	3.9186	0.6545	3.2649	0.857255	-0.125484	-0.499368	-0.124515	0.890540	-0.437532	0.499611	0.437255	0.747795
724756	3.9375	0.6446	3.2722	0.847742	-0.117033	-0.517336	-0.139063	0.892194	-0.429712	0.511854	0.436227	0.740075
724889	3.9264	0.6349	3.2754	0.851197	-0.110565	-0.513069	-0.139207	0.894987	-0.423817	0.506049	0.432174	0.746418
725012	3.9205	0.6453	3.2764	0.851580	-0.117872	-0.510802	-0.133125	0.893826	-0.428197	0.507040	0.432644	0.745472
725142	3.9188	0.6380	3.2740	0.854779	-0.113720	-0.506381	-0.131600	0.896319	-0.423431	0.502031	0.428580	0.751189
725264	3.9159	0.6396	3.2723	0.854455	-0.114847	-0.506672	-0.130597	0.896462	-0.423440	0.502843	0.427980	0.750987
725392	3.9118	0.6423	3.2746	0.855842	-0.115705	-0.504131	-0.129323	0.895834	-0.425154	0.500810	0.429060	0.751729
725517	3.9127	0.6433	3.2804	0.852199	-0.118280	-0.509673	-0.130233	0.895502	-0.425576	0.506751	0.429052	0.747742
725636	3.9225	0.6475	3.2834	0.848566	-0.119990	-0.515303	-0.134937	0.892658	-0.430063	0.511592	0.434471	0.741288
725767	3.9267	0.6497	3.2836	0.847451	-0.121484	-0.516786	-0.135390	0.891816	-0.431664	0.513318	0.435782	0.739323
725892	3.9322	0.6543	3.2853	0.842827	-0.124824	-0.523510	-0.137110	0.890833	-0.433149	0.520427	0.436848	0.733703
726014	3.9361	0.6573	3.2833	0.842824	-0.125161	-0.523433	-0.137426	0.890290	-0.434164	0.520347	0.437857	0.733158
726144	3.9443	0.6606	3.2829	0.838379	-0.126407	-0.530228	-0.141679	0.888772	-0.435904	0.526353	0.440575	0.727218
726265	3.9501	0.6621	3.2861	0.834714	-0.129530	-0.535234	-0.142524	0.888011	-0.437175	0.531921	0.441200	0.722774
726396	3.9302	0.6597	3.2806	0.844422	-0.127534	-0.520275	-0.132804	0.891083	-0.433974	0.518955	0.435552	0.735514
726506	3.9083	0.6540	3.2723	0.856222	-0.122458	-0.501884	-0.121926	0.896153	-0.426667	0.502013	0.426514	0.752375
726661	3.8639	0.6392	3.2115	0.892242	-0.102339	-0.439807	-0.089770	0.914338	-0.394876	0.442544	0.391806	0.806624
726879	3.7480	0.6020	2.9753	0.976972	-0.058186	-0.205282	-0.001363	0.960378	-0.278698	0.213365	0.272560	0.938183
727005	3.6942	0.5926	2.8894	0.992051	-0.051964	-0.114607	0.026406	0.976441	-0.214162	0.123036	0.209433	0.970052
727134	3.6499	0.5878	2.8201	0.997530	-0.053691	-0.045301	0.045487	0.985089	-0.165923	0.053534	0.163453	0.985098
727255	3.6058	0.5774	2.7614	0.998092	-0.061524	0.005266	0.061687	0.989620	-0.129797	0.002774	0.129874	0.991527
727380	3.5583	0.5738	2.7150	0.996453	-0.070799	0.045486	0.074959	0.992416	-0.097429	-0.038243	0.100493	0.994203
727503	3.5101	0.5725	2.6733	0.993697	-0.080045	0.078477	0.085809	0.993630	-0.073048	-0.072130	0.079321	0.994236
727630	3.4622	0.5675	2.6378	0.990488	-0.091199	0.103032	0.096883	0.993959	-0.051572	-0.097706	0.061063	0.993340
727756	3.4113	0.5678	2.6036	0.986965	-0.103182	0.123502	0.107801	0.993679	-0.031305	-0.119491	0.044211	0.991850
727881	3.3604	0.5631	2.5731	0.983304	-0.114764	0.141215	0.118302	0.992834	-0.016894	-0.138264	0.033317	0.989835
728004	3.3072	0.5666	2.5012	0.974496	-0.136326	0.178248	0.131285	0.990544	0.039832	-0.181993	-0.015414	0.983179
728134	3.2509	0.5689	2.4239	0.964895	-0.152328	0.213946	0.137635	0.987078	0.082063	-0.223682	-0.049736	0.973392
728253	3.1916	0.5705	2.3417	0.953628	-0.168123	0.249658	0.142858	0.982896	0.116217	-0.264926	-0.075163	0.961335
728381	3.1399	0.5875	2.2884	0.946712	-0.172550	0.271960	0.148024	0.983023	0.108415	-0.286051	-0.062381	0.956182
728508	3.0960	0.5897	2.2339	0.938568	-0.187244	0.289877	0.155435	0.979343	0.129333	-0.308106	-0.076331	0.948285
728630	3.0468	0.6008	2.1799	0.931875	-0.193461	0.306890	0.156570	0.977575	0.140829	-0.327253	-0.083185	0.941268
728758	2.9492	0.5953	1.9841	0.904522	-0.222866	0.363554	0.153241	0.965487	0.210600	-0.397942	-0.134781	0.907456
728876	3.1403	0.5801	2.0507	0.907758	-0.180080	0.378876	0.109563	0.973600	0.200247	-0.404934	-0.140264	0.903523
729001	3.1581	0.5776	2.1539	0.925884	-0.169205	0.337799	0.119794	0.979449	0.162264	-0.358312	-0.109772	0.927126
729133	3.3663	0.5536	2.3340	0.951337	-0.102816	0.290493	0.078057	0.992355	0.095600	-0.298101	-0.068273	0.952090
729254	3.4191	0.5861	2.3720	0.954744	-0.107702	0.277244	0.086143	0.992314	0.088837	-0.284681	-0.060934	0.956684
729389	3.4086	0.4700	2.3282	0.951703	-0.055531	0.301956	0.030005	0.995622	0.088529	-0.305550	-0.075194	0.949202
729514	3.4127	0.4971	2.3583	0.956200	-0.064583	0.285500	0.043670	0.995915	0.079028	-0.289437	-0.063098	0.955115
729640	3.3939	0.5323	2.3537	0.955224	-0.087075	0.282782	0.064928	0.994109	0.086786	-0.288673	-0.064539	0.955250
729763	3.3866	0.5408	2.3554	0.955404	-0.092231	0.280528	0.070474	0.993738	0.086704	-0.286768	-0.063067	0.955922
729888	3.3868	0.5669	2.3548	0.954040	-0.104072	0.281027	0.080907	0.992388	0.092843	-0.288551	-0.065839	0.955198
730015	3.3928	0.5603	2.3635	0.956105	-0.098066	0.276127	0.075747	0.993022	0.090390	-0.283064	-0.065507	0.956861
730143	3.3861	0.5646	2.3664	0.956840	-0.101529	0.272302	0.079549	0.992704	0.090608	-0.279515	-0.065036	0.957936
730267	3.4005	0.5621	2.3707	0.956931	-0.097808	0.273345	0.075368	0.992954	0.091449	-0.280363	-0.066909	0.957559
730392	3.4140	0.5575	2.3746	0.957161	-0.093210	0.274143	0.070284	0.993246	0.092315	-0.280897	-0.069092	0.957248
730516	3.4447	0.5531	2.3839	0.958121	-0.080599	0.274789	0.058175	0.994348	0.088811	-0.280394	-0.069106	0.957394
730642	3.4687	0.5472	2.3946	0.958950	-0.073212	0.273963	0.051007	0.994873	0.087323	-0.278951	-0.069764	0.957768
730778	3.4993	0.5427	2.4075	0.960569	-0.060967	0.271274	0.040251	0.995877	0.081292	-0.275112	-0.067168	0.959063
730891	3.5238	0.5373	2.4272	0.963096	-0.052641	0.263962	0.034384	0.996716	0.073317	-0.266954	-0.061535	0.961743
731012	3.5463	0.5312	2.4443	0.965823	-0.043146	0.255586	0.026932	0.997416	0.066603	-0.257800	-0.057444	0.964489
731146	3.5530	0.5250	2.4544	0.967361	-0.038413	0.250475	0.024191	0.997928	0.059614	-0.252246	-0.051609	0.966286
731264	3.5778	0.5175	2.4763	0.970638	-0.028552	0.238843	0.016994	0.998589	0.050315	-0.239943	-0.044779	0.969754
731392	3.6380	0.5211	2.4993	0.972186	-0.010973	0.233954	0.000861	0.999063	0.043278	-0.234210	-0.041873	0.971284
731519	3.5392	0.5228	2.4772	0.972191	-0.041151	0.230544	0.031267	0.998435	0.046365	-0.232091	-0.037867	0.971957
731644	3.5118	0.5309	2.4727	0.972219	-0.053292	0.227927	0.042742	0.997785	0.050980	-0.230139	-0.039822	0.972343
731770	3.5011	0.5320	2.4804	0.973335	-0.054676	0.222775	0.045050	0.997827	0.048071	-0.224919	-0.036753	0.973684
731891	3.5348	0.5324	2.5266	0.980331	-0.042879	0.192648	0.039017	0.998955	0.023798	-0.193467	-0.015814	0.980979
732014	3.5585	0.5317	2.5511	0.983547	-0.036121	0.177003	0.034018	0.999310	0.014907	-0.177420	-0.008640	0.984097
732148	3.5698	0.5319	2.5681	0.985564	-0.030879	0.166465	0.030512	0.999523	0.004762	-0.166533	0.000386	0.986036
732268	3.5775	0.5297	2.5789	0.987091	-0.028485	0.157610	0.029330	0.999565	-0.003036	-0.157455	0.007619	0.987497
732393	3.5845	0.5312	2.5854	0.987688	-0.027369	0.154024	0.027713	0.999616	-0.000088	-0.153963	0.004355	0.988067
732518	3.5891	0.5306	2.5924	0.988496	-0.024979	0.149170	0.026410	0.999622	-0.007624	-0.148923	0.011476	0.988782
732648	3.5931	0.5317	2.5965	0.988928	-0.025981	0.146102	0.027009	0.999622	-0.005059	-0.145916	0.008949	0.989257
732768	3.5940	0.5314	2.6007	0.989172	-0.024531	0.144696	0.026138	0.999616	-0.009219	-0.144414	0.012901	0.989433
732887	3.6211	0.5293	2.6373	0.993211	-0.014991	0.115354	0.018498	0.999397	-0.029389	-0.114843	0.031323	0.992890
733017	3.6413	0.5281	2.6668	0.995612	-0.007644	0.093261	0.011657	0.999026	-0.042558	-0.092845	0.043459	0.994732
733149	3.6557	0.5276	2.6866	0.997105	-0.003481	0.075953	0.007536	0.998557	-0.053162	-0.075658	0.053581	0.995693
733268	3.6681	0.5268	2.7052	0.998180	0.001375	0.060283	0.002529	0.997907	-0.064623	-0.060245	0.064658	0.996087
733396	3.6785	0.5271	2.7192	0.998834	0.004015	0.048118	-0.000603	0.997495	-0.070730	-0.048282	0.070619	0.996334
733514	3.6890	0.5252	2.7291	0.999235	0.005744	0.038686	-0.003053	0.997594	-0.069260	-0.038990	0.069089	0.996848
733641	3.7021	0.5268	2.7367	0.999416	-0.001338	0.034158	0.003140	0.998602	-0.052772	-0.034040	0.052849	0.998022
733760	3.7036	0.5329	2.7433	0.999582	0.010455	0.026964	-0.008895	0.998314	-0.057354	-0.027518	0.057090	0.997990
733892	3.7126	0.5323	2.7420	0.999531	0.012034	0.028177	-0.010328	0.998149	-0.059940	-0.028846	0.059621	0.997804
734016	3.7209	0.5372	2.7441	0.999546	0.013560	0.026920	-0.011973	0.998230	-0.058248	-0.027663	0.057899	0.997939
734145	3.7287	0.5360	2.7445	0.999456	0.016172	0.028731	-0.014393	0.998030	-0.061067	-0.029662	0.060620	0.997720
734265	3.7320	0.5405	2.7425	0.999447	0.014844	0.029766	-0.013139	0.998306	-0.056679	-0.030557	0.056256	0.997949
734391	3.7383	0.5397	2.7436	0.999464	0.018533	0.026980	-0.016872	0.998023	-0.060542	-0.028049	0.060054	0.997801
734521	3.7429	0.5403	2.7435	0.999500	0.018818	0.025396	-0.017225	0.997954	-0.061571	-0.026502	0.061103	0.997780
734637	3.7486	0.5429	2.7416	0.999366	0.022323	0.027720	-0.020717	0.998163	-0.056940	-0.028940	0.056330	0.997993
734766	3.7530	0.5440	2.7467	0.999408	0.021664	0.026726	-0.019983	0.997899	-0.061626	-0.028005	0.061055	0.997741
734890	3.7602	0.5412	2.7602	0.999645	0.024147	0.011234	-0.023356	0.997554	-0.065876	-0.012798	0.065590	0.997765
735015	3.7651	0.4775	2.7795	0.999312	0.036701	-0.005330	-0.037021	0.995681	-0.085143	0.002182	0.085282	0.996355
735145	3.7733	0.4754	2.7940	0.999042	0.039344	-0.019182	-0.040968	0.994794	-0.093309	0.015411	0.094005	0.995452
735268	3.7839	0.4750	2.8067	0.998603	0.042571	-0.031298	-0.045526	0.993873	-0.100722	0.026818	0.102006	0.994422
735397	3.7886	0.4742	2.8182	0.998077	0.043715	-0.043953	-0.048288	0.992865	-0.109026	0.038873	0.110939	0.993067
735516	3.7967	0.4732	2.8276	0.997468	0.046083	-0.054170	-0.052054	0.992054	-0.114537	0.048461	0.117067	0.991941
735645	3.8014	0.4727	2.8378	0.996681	0.047140	-0.066368	-0.054894	0.991217	-0.120318	0.060114	0.123562	0.990514
735768	3.8068	0.4730	2.8428	0.996062	0.048420	-0.074265	-0.057376	0.990668	-0.123634	0.067586	0.127408	0.989545
735892	3.8142	0.4717	2.8505	0.995222	0.050911	-0.083318	-0.061412	0.989771	-0.128768	0.075910	0.133269	0.988168
736017	3.8223	0.4719	2.8517	0.994942	0.054573	-0.084335	-0.065276	0.989382	-0.129858	0.076353	0.134706	0.987940
736147	3.8299	0.4710	2.8573	0.994239	0.056838	-0.090872	-0.068709	0.988682	-0.133365	0.082263	0.138840	0.986892
736269	3.8357	0.4695	2.8599	0.993495	0.059201	-0.097274	-0.072111	0.988209	-0.135070	0.088130	0.141206	0.986050
736393	3.8422	0.4694	2.8630	0.993338	0.060876	-0.097840	-0.073942	0.987945	-0.136004	0.088381	0.142332	0.985865
736516	3.8483	0.4690	2.8660	0.992533	0.063983	-0.103848	-0.078234	0.987121	-0.139538	0.093583	0.146621	0.984756
736643	3.8536	0.4689	2.8681	0.992230	0.066365	-0.105242	-0.080830	0.986882	-0.139753	0.094587	0.147174	0.984578
736768	3.8582	0.4687	2.8703	0.991793	0.068172	-0.108164	-0.083245	0.986418	-0.141599	0.097042	0.149441	0.983997
736892	3.8623	0.4695	2.8733	0.991537	0.067123	-0.111125	-0.082767	0.986290	-0.142762	0.100018	0.150751	0.983499
737017	3.8641	0.4665	2.8758	0.990627	0.070791	-0.116819	-0.087570	0.985491	-0.145391	0.104831	0.154258	0.982453
737149	3.8642	0.4642	2.8805	0.990217	0.071422	-0.119872	-0.088923	0.985033	-0.147656	0.107532	0.156870	0.981748
737267	3.8658	0.4609	2.8827	0.989726	0.072212	-0.123403	-0.090190	0.985025	-0.146942	0.110944	0.156562	0.981417
737393	3.8655	0.4602	2.8864	0.989414	0.072753	-0.125570	-0.091386	0.984504	-0.149667	0.112736	0.159558	0.980730
737518	3.8687	0.4583	2.8895	0.988745	0.075421	-0.129207	-0.094940	0.983767	-0.152278	0.115625	0.162831	0.979855
737645	3.8681	0.4563	2.8913	0.988326	0.075079	-0.132571	-0.095283	0.983574	-0.153310	0.118882	0.164152	0.979245
737768	3.8685	0.4568	2.8930	0.987942	0.076565	-0.134565	-0.097283	0.983139	-0.154838	0.120441	0.166061	0.978733
737892	3.8705	0.4554	2.8967	0.987566	0.077793	-0.136606	-0.098656	0.983245	-0.153285	0.122393	0.164856	0.978694
738016	3.8690	0.4542	2.9013	0.986712	0.076348	-0.143421	-0.098877	0.982607	-0.157183	0.128926	0.169276	0.977100
738148	3.8676	0.4541	2.9076	0.985887	0.075710	-0.149316	-0.099767	0.981923	-0.160852	0.134439	0.173479	0.975618
738262	3.8647	0.4535	2.9125	0.985243	0.074500	-0.154095	-0.099720	0.981569	-0.163027	0.139110	0.175988	0.974514
738399	3.8654	0.4520	2.9195	0.984606	0.073576	-0.158547	-0.100278	0.980739	-0.167615	0.143161	0.180934	0.973020
738518	3.8638	0.4497	2.9225	0.983772	0.072515	-0.164119	-0.100417	0.980543	-0.168680	0.148694	0.182423	0.971912
738645	3.8622	0.4490	2.9272	0.983197	0.072102	-0.167705	-0.100915	0.980229	-0.170199	0.152118	0.184263	0.971034
738766	3.8609	0.4495	2.9318	0.982513	0.069706	-0.172654	-0.099893	0.979869	-0.172854	0.157130	0.187078	0.969697
738892	3.8592	0.4504	2.9358	0.981906	0.070649	-0.175697	-0.101917	0.979124	-0.175867	0.159604	0.190591	0.968608
739017	3.8603	0.4513	2.9450	0.980308	0.066646	-0.185886	-0.100783	0.978356	-0.180728	0.169818	0.195904	0.965807
739144	3.8607	0.4518	2.9546	0.978705	0.064797	-0.194775	-0.101684	0.977309	-0.185816	0.178315	0.201664	0.963086
739266	3.8608	0.4492	2.9620	0.977091	0.062515	-0.203434	-0.102457	0.975998	-0.192173	0.186537	0.208613	0.960044
739397	3.8611	0.4412	2.9659	0.977344	0.062188	-0.202313	-0.093346	0.984525	-0.148311	0.189959	0.163836	0.968025
739513	3.8638	0.4434	2.9681	0.977278	0.051597	-0.205587	-0.081119	0.987124	-0.137865	0.195826	0.151409	0.968879
739643	3.8632	0.4385	2.9787	0.975443	0.053041	-0.213768	-0.084821	0.986175	-0.142351	0.203262	0.156987	0.966457
739766	3.8644	0.4447	2.9830	0.974341	0.050258	-0.219394	-0.082975	0.986302	-0.142560	0.209224	0.157106	0.965165
739892	3.8644	0.4470	2.9889	0.972933	0.049798	-0.225660	-0.084811	0.985310	-0.148227	0.214963	0.163353	0.962864
740012	3.8616	0.4470	2.9956	0.971840	0.046027	-0.231103	-0.082382	0.985215	-0.150217	0.220772	0.165025	0.961263
740144	3.8584	0.4471	3.0029	0.970702	0.042743	-0.236456	-0.081183	0.984525	-0.155307	0.226159	0.169953	0.959150
740267	3.8545	0.4538	3.0076	0.969348	0.040971	-0.242251	-0.079212	0.985463	-0.150292	0.232572	0.164874	0.958502
740390	3.8522	0.4510	3.0139	0.968699	0.037824	-0.245339	-0.078227	0.984480	-0.157096	0.235589	0.171371	0.956624
740515	3.8505	0.4498	3.0203	0.967565	0.035359	-0.250137	-0.077906	0.983661	-0.162300	0.240311	0.176523	0.954510
740643	3.8485	0.4520	3.0241	0.966631	0.033646	-0.253954	-0.076242	0.984200	-0.159807	0.244565	0.173836	0.953923
740766	3.8455	0.4548	3.0296	0.965631	0.030434	-0.258130	-0.075557	0.983102	-0.166741	0.248694	0.180514	0.951612
740894	3.8445	0.4564	3.0341	0.964773	0.029639	-0.261410	-0.075657	0.982917	-0.167779	0.251972	0.181646	0.950534
741014	3.8453	0.4731	3.0482	0.959338	0.030929	-0.280561	-0.099619	0.967114	-0.234021	0.264096	0.252454	0.930871
741148	3.8446	0.4737	3.0558	0.957439	0.029769	-0.287095	-0.102084	0.965303	-0.240350	0.269979	0.259429	0.927258
741267	3.8457	0.4725	3.0630	0.955414	0.027607	-0.293976	-0.103491	0.963771	-0.245836	0.276538	0.265299	0.923657
741398	3.8463	0.4724	3.0701	0.953479	0.026631	-0.300281	-0.106006	0.962094	-0.251274	0.282207	0.271416	0.920159
741517	3.8473	0.4726	3.0763	0.951472	0.025341	-0.306691	-0.107275	0.961403	-0.253372	0.288433	0.273976	0.917466
741643	3.8477	0.4735	3.0824	0.950188	0.024903	-0.310680	-0.108737	0.960658	-0.255562	0.292093	0.276614	0.915514
741767	3.8481	0.4735	3.0869	0.948503	0.023440	-0.315901	-0.109505	0.960038	-0.257557	0.297239	0.278887	0.913165
741885	3.8474	0.4760	3.0927	0.947023	0.023098	-0.320335	-0.111508	0.959010	-0.260509	0.301188	0.282428	0.910780
742014	3.8434	0.4844	3.0936	0.946224	0.022651	-0.322717	-0.111763	0.959014	-0.260385	0.303592	0.282451	0.909974
742144	3.8343	0.4689	3.1000	0.945427	0.037332	-0.323690	-0.118043	0.965175	-0.233461	0.303702	0.258929	0.916908
742268	3.8311	0.4743	3.1034	0.944333	0.035664	-0.327053	-0.118752	0.964038	-0.237758	0.306812	0.263361	0.914608
742393	3.8286	0.4748	3.1053	0.944094	0.035348	-0.327775	-0.117740	0.964818	-0.235082	0.307933	0.260532	0.915041
742515	3.8255	0.4765	3.1091	0.943331	0.033886	-0.330118	-0.118373	0.963694	-0.239335	0.310022	0.264849	0.913094
742643	3.8229	0.4750	3.1105	0.943416	0.030555	-0.330200	-0.114847	0.964227	-0.238905	0.311088	0.263310	0.913177
742761	3.8219	0.4783	3.1140	0.942664	0.029636	-0.332426	-0.114570	0.964256	-0.238922	0.313463	0.263309	0.912365
742893	3.8207	0.4739	3.1174	0.942200	0.023904	-0.334198	-0.108272	0.965659	-0.236179	0.317076	0.258712	0.912431
743015	3.8229	0.4661	3.1313	0.940010	0.020525	-0.340528	-0.097948	0.972399	-0.211771	0.326783	0.232421	0.916075
743148	3.8195	0.4778	3.1475	0.935055	0.023614	-0.353715	-0.099970	0.974848	-0.199193	0.340115	0.221617	0.913897
743266	3.8108	0.4813	3.1780	0.932260	0.014200	-0.361509	-0.089813	0.977034	-0.193231	0.350463	0.212610	0.912125
743397	3.7986	0.4934	3.2030	0.931935	0.011356	-0.362446	-0.083662	0.979278	-0.184433	0.352841	0.202202	0.913574
743517	3.7852	0.5206	3.2117	0.930611	0.007189	-0.365939	-0.074545	0.982574	-0.170269	0.358338	0.185733	0.914930
743639	3.7729	0.5520	3.2174	0.928639	0.001880	-0.370979	-0.057922	0.988458	-0.139982	0.366434	0.151481	0.918030
743768	3.7513	0.6061	3.2148	0.928031	-0.006636	-0.372444	-0.039374	0.992493	-0.115792	0.370416	0.122123	0.920803
743890	3.7451	0.6603	3.2273	0.929244	-0.023425	-0.368724	-0.020146	0.993291	-0.113875	0.368917	0.113246	0.922538
744013	3.7560	0.7215	3.2356	0.926645	-0.064912	-0.370292	0.012642	0.989804	-0.141875	0.375726	0.126787	0.918017
744139	3.7664	0.7648	3.2489	0.923923	-0.080013	-0.374118	0.019175	0.986341	-0.163596	0.382098	0.143977	0.912837
744257	3.7745	0.8131	3.2572	0.923841	-0.095860	-0.370579	0.028010	0.982469	-0.184312	0.381750	0.159895	0.910330
744385	3.7907	0.8694	3.2846	0.919723	-0.119247	-0.374018	0.039752	0.976141	-0.213468	0.390549	0.181463	0.902520
744506	3.7997	0.9168	3.3290	0.917670	-0.138282	-0.372505	0.044718	0.967475	-0.248984	0.394819	0.211828	0.894006
744637	3.8435	0.9630	3.3407	0.914144	-0.139079	-0.380787	0.040436	0.965906	-0.255714	0.403369	0.218362	0.888601
744760	3.9016	0.9984	3.3139	0.891096	-0.132838	-0.433939	0.027134	0.970085	-0.241244	0.453004	0.203197	0.868043
744885	3.9208	1.0493	3.2894	0.884728	-0.134214	-0.446366	0.035998	0.974461	-0.221653	0.464716	0.180034	0.866964
745019	3.9306	1.1048	3.2729	0.878797	-0.139666	-0.456299	0.052725	0.978774	-0.198045	0.474274	0.149983	0.867508
745138	3.9326	1.1525	3.2773	0.872057	-0.146576	-0.466940	0.063155	0.979823	-0.189625	0.485313	0.135874	0.863719
745262	3.9163	1.1686	3.3255	0.876445	-0.165057	-0.452328	0.078893	0.975941	-0.203261	0.474995	0.142462	0.868380
745389	3.9022	1.1831	3.3683	0.894205	-0.167035	-0.415328	0.080192	0.972541	-0.218479	0.440417	0.162058	0.883046
745513	3.8757	1.1946	3.4131	0.917518	-0.169240	-0.359886	0.085151	0.967548	-0.237909	0.388471	0.187641	0.902154
745644	3.8555	1.2107	3.4991	0.929366	-0.185545	-0.319143	0.094333	0.955173	-0.280618	0.356904	0.230691	0.905208
745756	3.8450	1.2443	3.6062	0.927976	-0.202924	-0.312543	0.093636	0.938793	-0.331512	0.360685	0.278369	0.890178
745885	3.8243	1.2589	3.6690	0.943599	-0.215172	-0.251637	0.119334	0.929972	-0.347723	0.308836	0.298083	0.903198
746009	3.8549	1.2574	3.7043	0.959406	-0.210341	-0.187877	0.136000	0.928633	-0.345175	0.247073	0.305612	0.919542
746139	3.8772	1.2611	3.7292	0.971025	-0.201940	-0.127793	0.150109	0.931487	-0.331359	0.185952	0.302575	0.934810
746262	3.9330	1.2618	3.7691	0.978178	-0.195185	-0.071213	0.166138	0.940615	-0.296042	0.124767	0.277751	0.952517
746396	4.0152	1.2648	3.8209	0.981107	-0.193086	-0.012133	0.182537	0.944642	-0.272637	0.064104	0.265272	0.962040
746518	4.1248	1.2688	3.8640	0.982207	-0.176735	0.063515	0.186709	0.955376	-0.228904	-0.020226	0.236690	0.971375
746644	4.1985	1.3147	3.9170	0.971457	-0.179629	0.154934	0.210093	0.954787	-0.210338	-0.110146	0.236885	0.965274
746767	4.2457	1.3492	3.9289	0.946039	-0.187830	0.264063	0.237452	0.956327	-0.170458	-0.220513	0.223962	0.949323
746890	4.2855	1.3633	3.9699	0.918576	-0.185009	0.349271	0.253115	0.954059	-0.160323	-0.303564	0.235675	0.923204
747016	4.3360	1.3725	4.0045	0.885693	-0.174983	0.430033	0.260225	0.954185	-0.147693	-0.384488	0.242716	0.890650
747146	4.3693	1.3921	4.0214	0.842556	-0.175635	0.509167	0.275646	0.952769	-0.127478	-0.462729	0.247757	0.851175
747262	4.4235	1.3812	4.0275	0.789102	-0.158456	0.593473	0.273183	0.955878	-0.108016	-0.550172	0.247362	0.797573
747394	4.4883	1.3775	4.0287	0.727187	-0.149925	0.669867	0.269851	0.959726	-0.078142	-0.631173	0.237588	0.738358
747524	4.5888	1.3658	4.0328	0.651942	-0.117846	0.749055	0.234120	0.970868	-0.051024	-0.721221	0.208634	0.660540
747643	4.6606	1.3832	4.0291	0.572802	-0.109993	0.812280	0.215983	0.976190	-0.020117	-0.790727	0.186962	0.582920
747768	4.7287	1.4044	4.0209	0.484377	-0.111389	0.867739	0.194342	0.980779	0.017417	-0.853001	0.160201	0.496714
747892	4.7986	1.4293	4.0120	0.397291	-0.122394	0.909494	0.175270	0.982943	0.055716	-0.900800	0.137271	0.411966
748018	4.8801	1.4279	4.0206	0.330003	-0.127972	0.935265	0.161924	0.983757	0.077474	-0.929989	0.125875	0.345364
748141	4.9712	1.4266	4.0412	0.282324	-0.142044	0.948745	0.159650	0.982143	0.099536	-0.945941	0.123366	0.299960
748268	5.0844	1.4253	4.0641	0.240902	-0.153674	0.958306	0.149647	0.981459	0.119768	-0.958943	0.114555	0.259433
748397	5.1622	1.4596	4.0570	0.194890	-0.175229	0.965045	0.156063	0.976917	0.145868	-0.968330	0.122180	0.217738
748519	5.2032	1.5017	4.0618	0.193545	-0.188851	0.962744	0.188121	0.970234	0.152501	-0.962887	0.151596	0.223311
748644	5.2532	1.5352	4.0619	0.209192	-0.197737	0.957674	0.218984	0.963943	0.151197	-0.953040	0.178086	0.244950
748771	5.2684	1.5426	4.0921	0.281571	-0.194124	0.939699	0.268381	0.956168	0.117108	-0.921243	0.219223	0.321329
748897	5.3289	1.5405	4.1052	0.332926	-0.186546	0.924316	0.290577	0.952830	0.087639	-0.897065	0.239408	0.371428
749017	5.4477	1.5964	4.0786	0.407558	-0.169023	0.897401	0.280361	0.958420	0.053189	-0.869077	0.229919	0.437999
