META	HEADER	GNSS location/orientation script
META	VERSION	1.0.1
META	FORMAT	ASCII
META	CONTENT	DEFAULT
META	TIMESTAMPS	UPTIME
META	END
Uptime	Origin_X	Origin_Y	Origin_Z	Basis_XX	Basis_XY	Basis_XZ	Basis_YX	Basis_YY	Basis_YZ	Basis_ZX	Basis_ZY	Basis_ZZ
2368952	4.4938	0.9460	10.3515	-0.919110	-0.044836	-0.391442	-0.110451	0.982988	0.146746	0.378203	0.178111	-0.908426
2369087	4.4944	0.9468	10.3507	-0.919091	-0.045078	-0.391457	-0.110907	0.982867	0.147215	0.378114	0.178719	-0.908344
2369207	4.4941	0.9470	10.3511	-0.919042	-0.045262	-0.391552	-0.110953	0.982923	0.146806	0.378220	0.178365	-0.908370
2369333	4.4942	0.9475	10.3512	-0.919157	-0.045016	-0.391310	-0.110800	0.982883	0.147189	0.377985	0.178647	-0.908412
2369461	4.4943	0.9475	10.3503	-0.919043	-0.044886	-0.391593	-0.110639	0.982930	0.146996	0.378310	0.178421	-0.908321
2369582	4.4951	0.9475	10.3514	-0.919195	-0.045244	-0.391194	-0.110901	0.982914	0.146906	0.377863	0.178419	-0.908508
2369705	4.4945	0.9473	10.3517	-0.919379	-0.044895	-0.390802	-0.110403	0.982985	0.146806	0.377561	0.178116	-0.908693
2369832	4.4928	0.9471	10.3516	-0.919624	-0.044470	-0.390274	-0.109761	0.983085	0.146617	0.377153	0.177670	-0.908950
2369956	4.4928	0.9453	10.3512	-0.919242	-0.044629	-0.391155	-0.110362	0.982929	0.147211	0.377908	0.178491	-0.908475
2370089	4.4930	0.9472	10.3509	-0.919609	-0.044552	-0.390302	-0.110224	0.982900	0.147508	0.377056	0.178670	-0.908794
2370207	4.4933	0.9465	10.3513	-0.919224	-0.045106	-0.391142	-0.110744	0.982931	0.146908	0.377839	0.178358	-0.908529
2370333	4.4937	0.9476	10.3522	-0.919416	-0.045385	-0.390659	-0.110708	0.983019	0.146349	0.377383	0.177805	-0.908827
2370458	4.4939	0.9483	10.3513	-0.919387	-0.044728	-0.390804	-0.110283	0.982978	0.146944	0.377579	0.178197	-0.908669
2370579	4.4940	0.9480	10.3517	-0.919308	-0.044927	-0.390967	-0.110579	0.982927	0.147061	0.377684	0.178427	-0.908580
2370702	4.4945	0.9483	10.3522	-0.919139	-0.045064	-0.391347	-0.110677	0.982962	0.146755	0.378066	0.178201	-0.908466
2370839	4.4944	0.9491	10.3524	-0.919488	-0.045504	-0.390477	-0.110883	0.982968	0.146555	0.377157	0.178053	-0.908873
2370956	4.4945	0.9496	10.3522	-0.919511	-0.044106	-0.390582	-0.109807	0.982946	0.147510	0.377415	0.178525	-0.908673
2371089	4.4951	0.9512	10.3527	-0.919316	-0.044598	-0.390984	-0.110365	0.982903	0.147384	0.377726	0.178644	-0.908520
2371207	4.4950	0.9513	10.3527	-0.919387	-0.044675	-0.390809	-0.110347	0.982927	0.147233	0.377559	0.178488	-0.908620
2371334	4.4954	0.9519	10.3539	-0.919441	-0.044905	-0.390656	-0.110493	0.982935	0.147069	0.377385	0.178386	-0.908713
2371460	4.4955	0.9514	10.3534	-0.919287	-0.044604	-0.391051	-0.110421	0.982883	0.147470	0.377780	0.178748	-0.908478
2371579	4.4949	0.9515	10.3532	-0.919568	-0.044285	-0.390427	-0.109848	0.982984	0.147226	0.377263	0.178272	-0.908786
2371708	4.4950	0.9524	10.3532	-0.919518	-0.044390	-0.390533	-0.110057	0.982934	0.147405	0.377324	0.178522	-0.908711
2371838	4.4922	0.9488	10.3513	-0.920101	-0.043925	-0.389210	-0.109348	0.982989	0.147563	0.376108	0.178333	-0.909253
2371956	4.4921	0.9459	10.3509	-0.919763	-0.045269	-0.389855	-0.110629	0.982951	0.146862	0.376560	0.178208	-0.909090
2372090	4.4926	0.9460	10.3506	-0.919863	-0.045299	-0.389615	-0.111122	0.982710	0.148097	0.376170	0.179524	-0.908992
2372206	4.4921	0.9458	10.3502	-0.919879	-0.045372	-0.389568	-0.111060	0.982764	0.147783	0.376149	0.179208	-0.909064
2372332	4.4922	0.9476	10.3503	-0.919914	-0.045154	-0.389513	-0.110869	0.982767	0.147912	0.376121	0.179251	-0.909066
2372467	4.4918	0.9471	10.3504	-0.919938	-0.045518	-0.389413	-0.110961	0.982856	0.147246	0.376034	0.178667	-0.909217
2372581	4.4915	0.9474	10.3503	-0.919725	-0.045967	-0.389864	-0.111245	0.982929	0.146543	0.376472	0.178150	-0.909138
2372708	4.4909	0.9466	10.3492	-0.919910	-0.045135	-0.389522	-0.110614	0.982881	0.147339	0.376204	0.178625	-0.909155
2372833	4.4908	0.9485	10.3492	-0.919528	-0.044702	-0.390475	-0.110398	0.982888	0.147455	0.377202	0.178696	-0.908728
2372956	4.4906	0.9464	10.3487	-0.919736	-0.044953	-0.389955	-0.110566	0.982866	0.147477	0.376644	0.178756	-0.908947
2373087	4.4907	0.9467	10.3496	-0.919600	-0.045058	-0.390263	-0.110472	0.982974	0.146823	0.377003	0.178132	-0.908921
2373208	4.4906	0.9457	10.3496	-0.919681	-0.044959	-0.390084	-0.110386	0.982963	0.146962	0.376831	0.178218	-0.908976
2373332	4.4899	0.9478	10.3485	-0.919672	-0.044208	-0.390191	-0.109939	0.982893	0.147764	0.376984	0.178791	-0.908800
2373454	4.4902	0.9468	10.3494	-0.919775	-0.044665	-0.389897	-0.110070	0.982985	0.147051	0.376695	0.178170	-0.909042
2373587	4.4908	0.9486	10.3500	-0.919722	-0.045518	-0.389923	-0.110989	0.982881	0.147056	0.376554	0.178528	-0.909030
2373706	4.4905	0.9478	10.3504	-0.919777	-0.044937	-0.389859	-0.110252	0.983001	0.146808	0.376635	0.178014	-0.909097
2373837	4.4901	0.9479	10.3501	-0.919607	-0.044621	-0.390298	-0.109943	0.983059	0.146657	0.377142	0.177777	-0.908933
2373955	4.4899	0.9477	10.3504	-0.919591	-0.044630	-0.390334	-0.109996	0.983040	0.146740	0.377165	0.177876	-0.908904
2374089	4.4901	0.9481	10.3502	-0.919544	-0.044498	-0.390460	-0.109907	0.983041	0.146803	0.377305	0.177906	-0.908840
2374208	4.4907	0.9489	10.3494	-0.919501	-0.045005	-0.390502	-0.110586	0.982918	0.147114	0.377211	0.178455	-0.908771
2374329	4.4900	0.9503	10.3500	-0.919566	-0.044376	-0.390423	-0.109794	0.983044	0.146864	0.377286	0.177917	-0.908846
2374457	4.4907	0.9502	10.3505	-0.919563	-0.045020	-0.390355	-0.110315	0.983041	0.146496	0.377140	0.177774	-0.908935
2374582	4.4904	0.9509	10.3496	-0.919567	-0.044396	-0.390418	-0.109824	0.983038	0.146887	0.377274	0.177950	-0.908844
2374707	4.4909	0.9513	10.3493	-0.919676	-0.045062	-0.390085	-0.110663	0.982872	0.147362	0.376763	0.178693	-0.908910
2374834	4.4922	0.9492	10.3513	-0.919789	-0.045244	-0.389796	-0.110470	0.983012	0.146573	0.376543	0.177877	-0.909162
2374957	4.4924	0.9491	10.3506	-0.919845	-0.045231	-0.389665	-0.110608	0.982932	0.147007	0.376365	0.178324	-0.909148
2375091	4.4927	0.9496	10.3509	-0.919897	-0.045673	-0.389490	-0.110862	0.982969	0.146568	0.376163	0.178007	-0.909294
2375202	4.4920	0.9465	10.3510	-0.919671	-0.044391	-0.390172	-0.109711	0.983070	0.146753	0.377052	0.177770	-0.908972
2375333	4.4927	0.9483	10.3504	-0.919936	-0.044927	-0.389486	-0.110451	0.982875	0.147503	0.376189	0.178713	-0.909144
2375459	4.4919	0.9483	10.3497	-0.919721	-0.044258	-0.390071	-0.109798	0.982971	0.147354	0.376907	0.178354	-0.908918
2375582	4.4929	0.9478	10.3502	-0.919944	-0.045106	-0.389447	-0.110625	0.982859	0.147481	0.376119	0.178757	-0.909165
2375706	4.4934	0.9486	10.3505	-0.919930	-0.045630	-0.389418	-0.110941	0.982909	0.146907	0.376059	0.178347	-0.909270
2375837	4.4932	0.9486	10.3494	-0.920036	-0.045279	-0.389210	-0.110727	0.982859	0.147402	0.375864	0.178711	-0.909279
2375953	4.4941	0.9488	10.3493	-0.920150	-0.045993	-0.388855	-0.111329	0.982822	0.147193	0.375406	0.178731	-0.909465
2376084	4.4935	0.9503	10.3498	-0.920149	-0.045414	-0.388926	-0.110697	0.982904	0.147123	0.375595	0.178429	-0.909446
2376207	4.4939	0.9491	10.3496	-0.919957	-0.046056	-0.389304	-0.111415	0.982840	0.147008	0.375853	0.178615	-0.909302
2376332	4.4945	0.9488	10.3494	-0.920137	-0.046636	-0.388809	-0.111803	0.982843	0.146698	0.375297	0.178452	-0.909564
2376456	4.4936	0.9498	10.3494	-0.919890	-0.044878	-0.389600	-0.110501	0.982841	0.147694	0.376286	0.178913	-0.909065
2376581	4.4931	0.9491	10.3496	-0.919844	-0.044855	-0.389711	-0.110404	0.982887	0.147460	0.376428	0.178665	-0.909055
2376706	4.4939	0.9495	10.3497	-0.919992	-0.045474	-0.389290	-0.110920	0.982849	0.147323	0.375914	0.178716	-0.909258
2376832	4.4922	0.9481	10.3490	-0.919535	-0.044110	-0.390525	-0.109872	0.982913	0.147685	0.377337	0.178709	-0.908669
2376954	4.4918	0.9473	10.3483	-0.919775	-0.043915	-0.389982	-0.109657	0.982897	0.147947	0.376815	0.178842	-0.908860
2377090	4.4928	0.9473	10.3485	-0.919072	-0.044248	-0.391597	-0.110430	0.982783	0.148129	0.378300	0.179385	-0.908135
2377213	4.4924	0.9456	10.3495	-0.919923	-0.044608	-0.389554	-0.110319	0.982820	0.147972	0.376261	0.179098	-0.909039
2377332	4.4925	0.9466	10.3502	-0.919523	-0.044483	-0.390511	-0.110390	0.982810	0.147981	0.377215	0.179180	-0.908627
2377458	4.4927	0.9455	10.3490	-0.919621	-0.044235	-0.390308	-0.110134	0.982820	0.148106	0.377051	0.179187	-0.908694
2377584	4.4937	0.9470	10.3508	-0.920170	-0.045099	-0.388913	-0.109574	0.983312	0.145225	0.375873	0.176246	-0.909756
2377708	4.4942	0.9544	10.3578	-0.921057	-0.046054	-0.386695	-0.104473	0.985804	0.131436	0.375153	0.161459	-0.912793
2377837	4.4984	0.9892	10.3667	-0.922453	-0.051034	-0.382721	-0.098578	0.989505	0.105649	0.373313	0.135184	-0.917803
2377953	4.5009	1.0350	10.3733	-0.923867	-0.054292	-0.378842	-0.090716	0.992742	0.078956	0.371806	0.107312	-0.922087
2378091	4.5044	1.0863	10.3837	-0.924192	-0.061871	-0.376884	-0.084567	0.995448	0.043958	0.372448	0.072498	-0.925217
2378207	4.5087	1.1491	10.3918	-0.926403	-0.066890	-0.370544	-0.076952	0.996957	0.012421	0.368586	0.040021	-0.928732
2378333	4.5365	1.2016	10.4056	-0.929680	-0.072936	-0.361075	-0.070786	0.997307	-0.019197	0.361503	0.007712	-0.932339
2378468	4.5819	1.2405	10.4309	-0.933156	-0.072096	-0.352167	-0.058749	0.997096	-0.048457	0.354638	-0.024529	-0.934682
2378582	4.6323	1.2420	10.4585	-0.937647	-0.067803	-0.340912	-0.045601	0.996309	-0.072732	0.344585	-0.052651	-0.937277
2378705	4.6641	1.2180	10.4844	-0.941677	-0.056956	-0.331662	-0.027099	0.995207	-0.093964	0.335424	-0.079496	-0.938707
2378828	4.6762	1.1905	10.5116	-0.944262	-0.049772	-0.325411	-0.013431	0.993506	-0.112983	0.328921	-0.102315	-0.938798
2378955	4.6812	1.1717	10.5347	-0.946165	-0.035732	-0.321708	0.004857	0.992209	-0.124489	0.323650	-0.119349	-0.938620
2379085	4.6716	1.1554	10.5417	-0.946164	-0.020908	-0.323012	0.021247	0.991748	-0.126430	0.322990	-0.126487	-0.937912
2379208	4.6623	1.1588	10.5362	-0.946764	-0.005553	-0.321881	0.036778	0.991440	-0.125280	0.319821	-0.130449	-0.938455
2379334	4.6284	1.1409	10.5446	-0.949081	0.002353	-0.315024	0.044809	0.990813	-0.127599	0.311830	-0.135217	-0.940467
2379461	4.6073	1.1201	10.5513	-0.952874	0.004213	-0.303336	0.047882	0.989458	-0.136673	0.299562	-0.144756	-0.943031
2379578	4.5956	1.1051	10.5581	-0.955431	0.003216	-0.295197	0.049375	0.987597	-0.149045	0.291057	-0.156978	-0.943739
2379703	4.5716	1.1129	10.5707	-0.958096	-0.002479	-0.286438	0.044971	0.986261	-0.158955	0.282896	-0.165175	-0.944821
2379837	4.5603	1.1035	10.5828	-0.959836	-0.013618	-0.280231	0.036941	0.983991	-0.174348	0.278119	-0.177697	-0.943967
2379955	4.5531	1.0926	10.5953	-0.961353	-0.029501	-0.273733	0.025939	0.980115	-0.196726	0.274094	-0.196224	-0.941472
2380089	4.5456	1.1007	10.6078	-0.961965	-0.043408	-0.269702	0.016746	0.976067	-0.216823	0.272659	-0.213092	-0.938216
2380207	4.5372	1.1128	10.6221	-0.960567	-0.058957	-0.271727	0.009073	0.970095	-0.242555	0.277901	-0.235456	-0.931306
2380334	4.5125	1.1378	10.6297	-0.958485	-0.072453	-0.275784	0.003860	0.963794	-0.266618	0.285116	-0.256614	-0.923503
2380466	4.4919	1.1828	10.6306	-0.955527	-0.083678	-0.282784	-0.000873	0.959698	-0.281032	0.294904	-0.268287	-0.917090
2380580	4.4946	1.2391	10.6086	-0.953313	-0.093007	-0.287305	-0.007635	0.958510	-0.284956	0.301887	-0.269459	-0.914470
2380708	4.5219	1.3005	10.5753	-0.948850	-0.098376	-0.300008	-0.016242	0.964168	-0.264793	0.315308	-0.246377	-0.916449
2380834	4.5600	1.3504	10.5444	-0.940513	-0.097558	-0.325450	-0.020434	0.972396	-0.232439	0.339143	-0.211961	-0.916545
2380956	4.6193	1.3830	10.5336	-0.924748	-0.097195	-0.367959	-0.024137	0.979870	-0.198170	0.379814	-0.174376	-0.908479
2381087	4.6859	1.4043	10.5375	-0.899519	-0.088525	-0.427818	-0.022802	0.987434	-0.156379	0.436286	-0.130911	-0.890234
2381206	4.7643	1.4229	10.5518	-0.866044	-0.076616	-0.494062	-0.019222	0.992561	-0.120225	0.499598	-0.094623	-0.861074
2381332	4.8373	1.4469	10.5768	-0.821843	-0.061348	-0.566402	-0.011561	0.995777	-0.091079	0.569597	-0.068304	-0.819081
2381461	4.9121	1.4737	10.6132	-0.771411	-0.048868	-0.634458	-0.003687	0.997373	-0.072338	0.636327	-0.053463	-0.769565
2381580	4.9799	1.4839	10.6510	-0.712301	-0.040558	-0.700701	0.002871	0.998152	-0.060693	0.701868	-0.045243	-0.710869
2381705	5.0345	1.4704	10.6998	-0.645391	-0.032839	-0.763146	0.013897	0.998405	-0.054715	0.763726	-0.045918	-0.643905
2381833	5.0922	1.4499	10.7503	-0.572200	-0.029835	-0.819571	0.022481	0.998392	-0.052040	0.819806	-0.048202	-0.570609
2381955	5.1334	1.4343	10.7879	-0.496124	-0.026691	-0.867841	0.031427	0.998320	-0.048670	0.867683	-0.051420	-0.494452
2382089	5.1789	1.4246	10.8266	-0.414984	-0.024020	-0.909511	0.037984	0.998323	-0.043696	0.909035	-0.052680	-0.413376
2382207	5.2255	1.4153	10.8598	-0.331697	-0.023124	-0.943103	0.039683	0.998473	-0.038439	0.942551	-0.050175	-0.330273
2382333	5.2815	1.4104	10.8796	-0.241961	-0.022671	-0.970021	0.035991	0.998829	-0.032322	0.969618	-0.042733	-0.240862
2382454	5.3268	1.4062	10.9004	-0.150666	-0.026341	-0.988234	0.030845	0.999033	-0.031331	0.988103	-0.035202	-0.149708
2382582	5.3702	1.4038	10.9332	-0.052205	-0.027351	-0.998262	0.022918	0.999329	-0.028578	0.998373	-0.024370	-0.051543
2382707	5.4087	1.4112	10.9682	0.048849	-0.033237	-0.998253	0.013815	0.999373	-0.032598	0.998711	-0.012198	0.049278
2382836	5.4400	1.4117	11.0102	0.141855	-0.037275	-0.989185	0.004319	0.999305	-0.037037	0.989878	0.000982	0.141917
2382957	5.4576	1.4117	11.0553	0.241071	-0.041526	-0.969619	-0.007390	0.998977	-0.044621	0.970479	0.017922	0.240517
2383088	5.4489	1.4236	11.0966	0.333748	-0.050894	-0.941287	-0.013985	0.998164	-0.058928	0.942559	0.032831	0.332424
2383205	5.4321	1.4278	11.1257	0.417918	-0.060775	-0.906450	-0.020265	0.996888	-0.076181	0.908259	0.050206	0.415386
2383327	5.4033	1.4272	11.1340	0.496401	-0.074532	-0.864888	-0.020421	0.995029	-0.097468	0.867853	0.066045	0.492412
2383461	5.3632	1.4195	11.1172	0.567119	-0.087364	-0.818989	-0.016152	0.992988	-0.117110	0.823477	0.079644	0.561731
2383584	5.3181	1.4273	11.0862	0.635063	-0.102280	-0.765659	-0.006932	0.990401	-0.138052	0.772429	0.092979	0.628258
2383707	5.2709	1.4465	11.0747	0.697470	-0.108627	-0.708333	0.000348	0.988496	-0.151249	0.716614	0.105246	0.689483
2383833	5.2322	1.4565	11.0571	0.753615	-0.109829	-0.648075	0.006611	0.987159	-0.159606	0.657282	0.115997	0.744664
2383956	5.2025	1.4645	11.0194	0.803134	-0.109636	-0.585624	0.012428	0.985792	-0.167508	0.595669	0.127254	0.793086
2384085	5.1882	1.4459	10.9627	0.842954	-0.108750	-0.526880	0.020568	0.985155	-0.170432	0.537593	0.132829	0.832677
2384202	5.1850	1.4230	10.8821	0.875441	-0.113908	-0.469710	0.034826	0.984172	-0.173761	0.482069	0.135760	0.865551
2384332	5.1858	1.4117	10.7950	0.901346	-0.117272	-0.416921	0.047609	0.983638	-0.173753	0.430476	0.136762	0.892181
2384458	5.1787	1.4176	10.7319	0.918608	-0.125690	-0.374648	0.063358	0.982649	-0.174319	0.390058	0.136394	0.910633
2384581	5.1722	1.4273	10.6520	0.932481	-0.136585	-0.334400	0.081551	0.981457	-0.173468	0.351892	0.134485	0.926329
2384709	5.1687	1.4199	10.5690	0.943329	-0.144558	-0.298720	0.095518	0.980321	-0.172763	0.317816	0.134439	0.938573
2384839	5.1698	1.3994	10.4654	0.950215	-0.154273	-0.270722	0.109515	0.978750	-0.173361	0.291714	0.135082	0.946919
2384953	5.1819	1.3853	10.3418	0.955751	-0.161325	-0.245996	0.120626	0.977604	-0.172453	0.268308	0.135149	0.953806
2385084	5.1911	1.4014	10.2264	0.962081	-0.162063	-0.219401	0.125613	0.977227	-0.171020	0.242120	0.136975	0.960529
2385207	5.2016	1.4208	10.1343	0.967932	-0.156822	-0.196249	0.123684	0.977466	-0.171061	0.218653	0.141303	0.965518
2385331	5.2244	1.4322	10.0388	0.972048	-0.154142	-0.177098	0.123285	0.977048	-0.173717	0.199810	0.147028	0.968741
2385462	5.2669	1.4160	9.9359	0.975500	-0.147091	-0.163597	0.118541	0.977873	-0.172375	0.185332	0.148759	0.971351
2385580	5.3253	1.3924	9.8312	0.977271	-0.142031	-0.157381	0.113979	0.977979	-0.174833	0.178747	0.152921	0.971939
2385706	5.3751	1.3989	9.7219	0.978501	-0.134363	-0.156466	0.106680	0.979026	-0.173573	0.176506	0.153149	0.972312
2385833	5.4286	1.4033	9.6250	0.978225	-0.127434	-0.163819	0.098426	0.979743	-0.174400	0.182725	0.154478	0.970952
2385954	5.4812	1.4056	9.5173	0.976442	-0.122721	-0.177482	0.091543	0.980430	-0.174290	0.195398	0.153937	0.968567
2386086	5.5400	1.3753	9.3938	0.974548	-0.116737	-0.191386	0.083563	0.981357	-0.173077	0.208022	0.152679	0.966135
2386209	5.5989	1.3629	9.2631	0.971545	-0.108840	-0.210369	0.072737	0.982351	-0.172323	0.225412	0.152118	0.962315
2386332	5.6498	1.3726	9.1415	0.968970	-0.101955	-0.225172	0.064376	0.983624	-0.168347	0.238648	0.148627	0.959665
2386456	5.7067	1.3695	9.0335	0.964880	-0.097955	-0.243746	0.057682	0.984234	-0.167202	0.256282	0.147270	0.955317
2386581	5.7726	1.3515	8.9085	0.959427	-0.093647	-0.265952	0.050368	0.984985	-0.165128	0.277422	0.145033	0.949738
2386708	5.8559	1.3150	8.7626	0.953381	-0.092633	-0.287200	0.047061	0.985716	-0.161709	0.298078	0.140655	0.944122
2386836	5.9548	1.2949	8.5996	0.943279	-0.087607	-0.320235	0.038634	0.986969	-0.156205	0.329746	0.134973	0.934371
2386952	6.0283	1.3077	8.4583	0.930158	-0.084181	-0.357379	0.031133	0.987940	-0.151678	0.365837	0.129958	0.921561
2387085	6.1036	1.3113	8.3212	0.912320	-0.080222	-0.401544	0.021190	0.988557	-0.149353	0.408930	0.127748	0.903580
2387207	6.1742	1.2909	8.1686	0.893651	-0.079558	-0.441655	0.015096	0.988932	-0.147596	0.448509	0.125232	0.884961
2387333	6.2345	1.2760	8.0071	0.874689	-0.077465	-0.478453	0.008874	0.989540	-0.143989	0.484603	0.121700	0.866227
2387462	6.2985	1.2944	7.8589	0.854433	-0.073420	-0.514348	0.000243	0.990021	-0.140916	0.519561	0.120279	0.845925
2387584	6.3562	1.3027	7.7322	0.833268	-0.071722	-0.548197	-0.004652	0.990605	-0.136676	0.552850	0.116438	0.825106
2387704	6.4238	1.2974	7.5994	0.808611	-0.073539	-0.583729	-0.009584	0.990380	-0.138045	0.588265	0.117219	0.800127
2387832	6.5082	1.2731	7.4518	0.783088	-0.073226	-0.617586	-0.014103	0.990698	-0.135347	0.621752	0.114698	0.774770
2387955	6.6016	1.2735	7.2880	0.750317	-0.077731	-0.656493	-0.015961	0.990643	-0.135539	0.660886	0.112176	0.742056
2388088	6.6827	1.2982	7.1309	0.713027	-0.083323	-0.696168	-0.018043	0.990404	-0.137020	0.700904	0.110260	0.704681
2388207	6.7469	1.2991	6.9835	0.673219	-0.081650	-0.734921	-0.024661	0.990853	-0.132674	0.739032	0.107443	0.665047
2388332	6.8071	1.2848	6.8203	0.631898	-0.081255	-0.770780	-0.030985	0.991046	-0.129878	0.774432	0.105952	0.623722
2388467	6.8645	1.2624	6.6531	0.592078	-0.084752	-0.801412	-0.034846	0.990832	-0.130527	0.805127	0.105208	0.583696
2388578	6.9259	1.2849	6.4920	0.548024	-0.086003	-0.832030	-0.041139	0.990725	-0.129502	0.835451	0.105199	0.539403
2388702	6.9901	1.3014	6.3539	0.508328	-0.093966	-0.856022	-0.045942	0.989655	-0.135916	0.859937	0.108417	0.498752
2388834	7.0508	1.2960	6.2095	0.472455	-0.097891	-0.875901	-0.049489	0.989298	-0.137259	0.879964	0.108196	0.462555
2388956	7.1249	1.2717	6.0566	0.435291	-0.099806	-0.894741	-0.055344	0.988990	-0.137244	0.898587	0.109259	0.424975
2389087	7.2028	1.2871	5.8960	0.398733	-0.101818	-0.911397	-0.060898	0.988684	-0.137095	0.915043	0.110166	0.388020
2389218	7.2627	1.3168	5.7430	0.352269	-0.103876	-0.930116	-0.066848	0.988490	-0.135713	0.933508	0.109984	0.341271
2389331	7.3093	1.3251	5.5956	0.312040	-0.102995	-0.944470	-0.074397	0.988405	-0.132366	0.947152	0.111569	0.300759
2389458	7.3420	1.3135	5.4424	0.263665	-0.102699	-0.959132	-0.080304	0.988528	-0.127922	0.961266	0.110751	0.252393
2389579	7.3635	1.2964	5.2941	0.220378	-0.101814	-0.970086	-0.083280	0.988942	-0.122712	0.971853	0.107832	0.209462
2389706	7.3759	1.3027	5.1634	0.170932	-0.100440	-0.980150	-0.086061	0.989466	-0.116403	0.981517	0.104250	0.160487
2389834	7.3926	1.3073	5.0251	0.128316	-0.095948	-0.987081	-0.086955	0.990387	-0.107573	0.987914	0.099635	0.118739
2389956	7.4088	1.2977	4.8944	0.077421	-0.096427	-0.992324	-0.084729	0.991075	-0.102916	0.993392	0.092047	0.068559
2390088	7.4221	1.2793	4.7464	0.027432	-0.093217	-0.995268	-0.080582	0.992196	-0.095150	0.996370	0.082810	0.019706
2390206	7.4308	1.2676	4.6106	-0.025935	-0.094254	-0.995210	-0.076504	0.992813	-0.092034	0.996732	0.073750	-0.032959
2390332	7.4233	1.2502	4.4892	-0.079346	-0.097387	-0.992079	-0.074520	0.993011	-0.091518	0.994058	0.066668	-0.086049
2390466	7.4007	1.2213	4.3559	-0.128909	-0.101761	-0.986421	-0.072555	0.993023	-0.092960	0.988999	0.059586	-0.135393
2390580	7.3705	1.1802	4.2277	-0.172940	-0.101152	-0.979724	-0.073273	0.993277	-0.089617	0.982203	0.056288	-0.179189
2390706	7.3376	1.1512	4.1191	-0.209819	-0.103508	-0.972246	-0.076828	0.993051	-0.089143	0.974717	0.055992	-0.216313
2390832	7.3149	1.1573	4.0172	-0.245675	-0.101716	-0.964001	-0.080329	0.993195	-0.084324	0.966018	0.056721	-0.252174
2390966	7.2992	1.1650	3.9107	-0.283771	-0.106846	-0.952921	-0.083616	0.992744	-0.086411	0.955240	0.055159	-0.290646
2391087	7.2994	1.1618	3.8079	-0.317429	-0.107256	-0.942197	-0.083406	0.992890	-0.084927	0.944607	0.051626	-0.324118
2391205	7.3149	1.1425	3.6997	-0.343587	-0.107173	-0.932985	-0.083313	0.993028	-0.083389	0.935418	0.049078	-0.350120
2391332	7.3370	1.1310	3.5807	-0.368836	-0.109461	-0.923027	-0.079862	0.993101	-0.085859	0.926057	0.042047	-0.375034
2391457	7.3705	1.1428	3.4663	-0.394310	-0.106639	-0.912769	-0.079062	0.993498	-0.081916	0.915570	0.039865	-0.400178
2391579	7.3940	1.1374	3.3743	-0.415178	-0.102555	-0.903941	-0.079538	0.993913	-0.076231	0.906256	0.040248	-0.420808
2391707	7.4146	1.1378	3.2850	-0.431185	-0.095289	-0.897218	-0.077549	0.994642	-0.068368	0.898925	0.040099	-0.436264
2391834	7.4453	1.1359	3.1959	-0.440819	-0.092669	-0.892800	-0.080897	0.994710	-0.063305	0.893943	0.044319	-0.445984
2391954	7.4777	1.1242	3.0887	-0.451199	-0.085708	-0.888298	-0.082921	0.995098	-0.053894	0.888563	0.049342	-0.456094
2392102	7.5189	1.1252	2.9768	-0.456994	-0.081794	-0.885701	-0.085956	0.995164	-0.047552	0.885307	0.054400	-0.461815
2392204	7.5667	1.1391	2.8981	-0.458801	-0.078177	-0.885093	-0.087610	0.995248	-0.042493	0.884209	0.058048	-0.463470
2392328	7.6207	1.1486	2.8421	-0.458417	-0.073125	-0.885724	-0.088624	0.995403	-0.036311	0.884307	0.061850	-0.462791
2392468	7.6895	1.1573	2.7945	-0.456135	-0.071641	-0.887022	-0.086311	0.995617	-0.036028	0.885715	0.060127	-0.460319
2392581	7.7763	1.1429	2.7397	-0.448758	-0.065358	-0.891260	-0.080978	0.996193	-0.032280	0.889977	0.057686	-0.452342
2392707	7.8821	1.1283	2.6953	-0.442328	-0.060335	-0.894822	-0.073358	0.996825	-0.030951	0.893848	0.051952	-0.445350
2392834	7.9735	1.1394	2.6672	-0.433437	-0.058224	-0.899301	-0.068531	0.997151	-0.031530	0.898574	0.047964	-0.436192
2392956	8.0407	1.1445	2.6285	-0.418777	-0.052786	-0.906554	-0.065404	0.997470	-0.027867	0.905731	0.047622	-0.421169
2393084	8.1079	1.1532	2.5944	-0.400322	-0.049435	-0.915040	-0.063160	0.997658	-0.026267	0.914195	0.047279	-0.402507
2393203	8.1720	1.1457	2.5496	-0.377821	-0.048604	-0.924602	-0.062135	0.997701	-0.027056	0.923792	0.047228	-0.379972
2393333	8.2351	1.1212	2.5027	-0.353411	-0.047824	-0.934245	-0.058635	0.997861	-0.028899	0.933629	0.044566	-0.355459
2393461	8.3100	1.0928	2.4453	-0.325327	-0.045976	-0.944483	-0.054731	0.998058	-0.029732	0.944016	0.042019	-0.327212
2393581	8.3872	1.0876	2.3859	-0.300530	-0.049386	-0.952493	-0.050902	0.998066	-0.035689	0.952413	0.037758	-0.302462
2393706	8.4681	1.0906	2.3180	-0.277859	-0.053472	-0.959133	-0.046637	0.998023	-0.042129	0.959489	0.033025	-0.279803
2393837	8.5589	1.0992	2.2733	-0.250099	-0.054992	-0.966657	-0.041533	0.998076	-0.046034	0.967329	0.028636	-0.251901
2393954	8.6506	1.1052	2.2518	-0.222951	-0.055632	-0.973241	-0.033061	0.998227	-0.049487	0.974269	0.021143	-0.224395
2394085	8.7545	1.0988	2.2375	-0.193765	-0.057376	-0.979369	-0.023183	0.998277	-0.053897	0.980774	0.012261	-0.194761
2394207	8.8659	1.0878	2.2213	-0.166717	-0.058199	-0.984286	-0.011970	0.998302	-0.057000	0.985932	0.002279	-0.167131
2394332	8.9759	1.0892	2.2116	-0.140599	-0.057034	-0.988423	-0.002413	0.998356	-0.057264	0.990064	-0.005666	-0.140505
2394457	9.0667	1.1016	2.2042	-0.116199	-0.053326	-0.991793	0.002659	0.998537	-0.054000	0.993222	-0.008912	-0.115887
2394580	9.1436	1.0989	2.1916	-0.094289	-0.050472	-0.994265	0.008220	0.998641	-0.051474	0.995511	-0.013026	-0.093746
2394706	9.2066	1.0900	2.1642	-0.077242	-0.052382	-0.995635	0.013008	0.998481	-0.053541	0.996927	-0.017086	-0.076444
2394841	9.2662	1.0710	2.1163	-0.062033	-0.060613	-0.996232	0.018759	0.997907	-0.061883	0.997898	-0.022527	-0.060766
2394956	9.3356	1.0469	2.0488	-0.056239	-0.069908	-0.995967	0.021477	0.997230	-0.071210	0.998186	-0.025395	-0.054582
2395086	9.4061	1.0539	1.9860	-0.049688	-0.078010	-0.995714	0.022328	0.996609	-0.079195	0.998515	-0.026167	-0.047778
2395206	9.4654	1.0738	1.9470	-0.042571	-0.085897	-0.995394	0.018235	0.996065	-0.086735	0.998927	-0.021843	-0.040837
2395332	9.5085	1.0871	1.9142	-0.035390	-0.091540	-0.995172	0.013441	0.995662	-0.092063	0.999283	-0.016634	-0.034007
2395461	9.5493	1.0951	1.8917	-0.029255	-0.095780	-0.994973	0.010295	0.995317	-0.096115	0.999519	-0.013055	-0.028132
2395581	9.5926	1.0936	1.8480	-0.026746	-0.101651	-0.994461	0.009329	0.994748	-0.101931	0.999599	-0.012004	-0.025657
2395706	9.6454	1.0843	1.7861	-0.029520	-0.111852	-0.993286	0.011032	0.993622	-0.112217	0.999503	-0.014271	-0.028098
2395835	9.7080	1.0721	1.7059	-0.034993	-0.118036	-0.992393	0.015779	0.992812	-0.118642	0.999263	-0.019811	-0.032879
2395964	9.7762	1.0733	1.6313	-0.042035	-0.118276	-0.992091	0.016550	0.992750	-0.119056	0.998979	-0.021424	-0.039773
2396090	9.8227	1.0826	1.5653	-0.048602	-0.115305	-0.992140	0.013074	0.993156	-0.116063	0.998733	-0.018613	-0.046762
2396206	9.8484	1.0834	1.5124	-0.054973	-0.108354	-0.992591	0.006145	0.994039	-0.108852	0.998469	-0.012084	-0.053980
2396332	9.8653	1.0805	1.4427	-0.062671	-0.100457	-0.992966	-0.003631	0.994938	-0.100428	0.998028	-0.002688	-0.062718
2396457	9.8695	1.0777	1.3678	-0.072617	-0.094742	-0.992850	-0.014281	0.995475	-0.093948	0.997258	0.007357	-0.073641
2396582	9.8683	1.0791	1.2766	-0.083130	-0.089243	-0.992535	-0.028031	0.995797	-0.087189	0.996144	0.020574	-0.085282
2396704	9.8645	1.0954	1.1977	-0.095083	-0.086352	-0.991717	-0.043931	0.995624	-0.082481	0.994500	0.035724	-0.098460
2396827	9.8605	1.1158	1.1378	-0.106632	-0.082235	-0.990892	-0.059390	0.995321	-0.076212	0.992523	0.050722	-0.111017
2396954	9.8594	1.1305	1.0816	-0.120638	-0.080429	-0.989433	-0.070482	0.994891	-0.072279	0.990191	0.061018	-0.125690
2397086	9.8656	1.1417	1.0149	-0.135406	-0.083382	-0.987275	-0.080956	0.994052	-0.072851	0.987477	0.070062	-0.141351
2397206	9.8747	1.1429	0.9482	-0.150125	-0.087883	-0.984753	-0.089203	0.993183	-0.075036	0.984635	0.076578	-0.156941
2397344	9.8851	1.1322	0.8717	-0.167259	-0.096766	-0.981153	-0.097827	0.991890	-0.081148	0.981048	0.082410	-0.175369
2397460	9.9112	1.1250	0.7765	-0.187935	-0.103038	-0.976762	-0.104619	0.990924	-0.084403	0.976594	0.086325	-0.197009
2397578	9.9517	1.1474	0.6959	-0.201230	-0.107298	-0.973650	-0.113970	0.989796	-0.085522	0.972891	0.093757	-0.211405
2397702	9.9906	1.1666	0.6210	-0.206181	-0.101107	-0.973276	-0.122385	0.989502	-0.076866	0.970830	0.103266	-0.216391
2397835	10.0209	1.2109	0.5636	-0.211663	-0.092339	-0.972971	-0.132447	0.989053	-0.065052	0.968327	0.115098	-0.221576
2397955	10.0294	1.2876	0.5206	-0.211617	-0.075364	-0.974443	-0.143148	0.988661	-0.045377	0.966813	0.129887	-0.220006
2398088	10.0233	1.3319	0.4840	-0.214195	-0.060131	-0.974938	-0.151248	0.988107	-0.027713	0.965010	0.141522	-0.220742
2398209	10.0050	1.2998	0.4409	-0.218430	-0.042543	-0.974925	-0.147872	0.988956	-0.010024	0.964584	0.141975	-0.222308
2398333	9.9873	1.2512	0.3992	-0.223268	-0.026397	-0.974400	-0.141182	0.989968	0.005530	0.964479	0.138802	-0.224755
2398465	9.9527	1.2103	0.3494	-0.228961	-0.008632	-0.973397	-0.133958	0.990726	0.022723	0.964174	0.135597	-0.227994
2398580	9.9083	1.1792	0.2733	-0.238014	0.002060	-0.971260	-0.128765	0.991104	0.033657	0.962688	0.133075	-0.235631
2398706	9.8603	1.1755	0.1883	-0.249292	0.006820	-0.968404	-0.125026	0.991380	0.039167	0.960324	0.130840	-0.246291
2398835	9.8145	1.1906	0.1138	-0.256508	0.012480	-0.966461	-0.123480	0.991300	0.045574	0.958622	0.131029	-0.252736
2398955	9.7778	1.1987	0.0583	-0.261370	0.021272	-0.965004	-0.123157	0.990851	0.055199	0.957350	0.133274	-0.256359
2399086	9.7489	1.2124	0.0057	-0.268904	0.022793	-0.962897	-0.126947	0.990160	0.058891	0.954764	0.138073	-0.263365
2399207	9.7273	1.2149	-0.0581	-0.275026	0.022120	-0.961182	-0.130487	0.989626	0.060111	0.952541	0.141954	-0.269286
2399332	9.7075	1.2051	-0.1289	-0.284097	0.017781	-0.958631	-0.133626	0.989336	0.057952	0.949438	0.144562	-0.278691
2399460	9.6810	1.1852	-0.2185	-0.299048	0.006637	-0.954215	-0.134935	0.989634	0.049172	0.944649	0.143462	-0.295053
2399580	9.6503	1.1586	-0.3391	-0.320295	-0.008361	-0.947281	-0.133161	0.990430	0.036283	0.937912	0.137762	-0.318343
2399706	9.6184	1.1682	-0.4731	-0.345044	-0.021082	-0.938350	-0.132409	0.990843	0.026428	0.929200	0.133365	-0.344676
2399835	9.5868	1.1685	-0.5602	-0.373371	-0.033109	-0.927091	-0.133669	0.990854	0.018447	0.918002	0.130811	-0.374382
2399955	9.5367	1.1675	-0.6473	-0.399510	-0.033332	-0.916123	-0.136917	0.990300	0.023677	0.906447	0.134892	-0.400198
2400088	9.4939	1.1618	-0.7136	-0.422365	-0.027010	-0.906023	-0.137523	0.989894	0.034599	0.895933	0.139213	-0.421811
2400206	9.4444	1.1644	-0.7736	-0.445737	-0.022322	-0.894886	-0.141535	0.988872	0.045831	0.883904	0.147087	-0.443936
2400330	9.3810	1.1655	-0.8328	-0.463465	-0.013512	-0.886012	-0.145471	0.987478	0.061035	0.874093	0.157177	-0.459627
2400453	9.3222	1.1820	-0.8748	-0.478893	-0.003127	-0.877868	-0.150303	0.985520	0.078482	0.864911	0.169531	-0.472428
2400581	9.2712	1.2081	-0.9132	-0.494682	0.005273	-0.869058	-0.157252	0.982933	0.095475	0.854729	0.183891	-0.485410
2400706	9.2369	1.2218	-0.9433	-0.505408	0.017274	-0.862708	-0.161242	0.980298	0.114091	0.847681	0.196768	-0.492665
2400848	9.2017	1.2438	-0.9762	-0.514005	0.029926	-0.857265	-0.165132	0.977246	0.133126	0.841742	0.209990	-0.497368
2400956	9.1780	1.2628	-1.0079	-0.524416	0.038642	-0.850585	-0.170756	0.973902	0.149522	0.834165	0.223654	-0.504131
2401086	9.1625	1.2750	-1.0433	-0.534057	0.042590	-0.844375	-0.177820	0.970731	0.161433	0.826537	0.236361	-0.510853
2401204	9.1503	1.2822	-1.0862	-0.544474	0.044605	-0.837591	-0.183699	0.968001	0.170963	0.818415	0.246949	-0.518857
2401327	9.1382	1.2847	-1.1403	-0.554343	0.042413	-0.831207	-0.188027	0.966499	0.174715	0.810771	0.253142	-0.527797
2401462	9.1196	1.2707	-1.2057	-0.562210	0.036729	-0.826179	-0.185268	0.968028	0.169109	0.805975	0.248139	-0.537430
2401582	9.1015	1.2389	-1.2941	-0.574764	0.026932	-0.817876	-0.178833	0.971166	0.157655	0.798540	0.236878	-0.553375
2401705	9.0843	1.1993	-1.4018	-0.591952	0.013970	-0.805852	-0.165728	0.976374	0.138664	0.788750	0.215635	-0.575651
2401836	9.0661	1.1772	-1.4994	-0.615013	-0.003421	-0.788509	-0.153174	0.981460	0.115212	0.773496	0.191636	-0.604135
2401956	9.0461	1.1672	-1.5521	-0.634440	-0.014989	-0.772826	-0.142820	0.984871	0.098144	0.759663	0.172642	-0.626982
2402087	9.0177	1.1531	-1.5881	-0.653268	-0.022040	-0.756806	-0.133046	0.987364	0.086090	0.745345	0.156930	-0.647946
2402202	8.9882	1.1432	-1.6051	-0.671969	-0.024853	-0.740162	-0.122824	0.989336	0.078289	0.730323	0.143517	-0.667855
2402331	8.9675	1.1324	-1.6100	-0.683498	-0.024266	-0.729549	-0.115618	0.990430	0.075377	0.720738	0.135869	-0.679762
2402462	8.9442	1.1297	-1.5998	-0.692830	-0.022558	-0.720748	-0.108302	0.991429	0.073077	0.712922	0.128688	-0.689335
2402580	8.9225	1.1285	-1.5914	-0.698369	-0.017657	-0.715520	-0.102219	0.991908	0.075292	0.708401	0.125721	-0.694523
2402707	8.9046	1.1271	-1.5799	-0.699946	-0.011672	-0.714101	-0.097534	0.992061	0.079386	0.707505	0.125215	-0.695527
2402832	8.8923	1.1310	-1.5711	-0.699403	-0.004618	-0.714713	-0.094649	0.991771	0.086213	0.708433	0.127945	-0.694084
2402953	8.8845	1.1339	-1.5688	-0.698280	0.004686	-0.715810	-0.092299	0.991042	0.096527	0.709849	0.133471	-0.691592
2403083	8.8841	1.1393	-1.5683	-0.697103	0.010950	-0.716887	-0.092951	0.990065	0.105508	0.710920	0.140185	-0.689159
2403206	8.8855	1.1444	-1.5716	-0.695434	0.017405	-0.718379	-0.093864	0.988941	0.114826	0.712433	0.147284	-0.686110
2403332	8.8915	1.1506	-1.5769	-0.695509	0.020166	-0.718235	-0.096647	0.987896	0.121326	0.711988	0.153798	-0.685142
2403460	8.8971	1.1514	-1.5841	-0.696332	0.019703	-0.717449	-0.098992	0.987433	0.123197	0.710860	0.156808	-0.685631
2403579	8.9005	1.1546	-1.5871	-0.697644	0.016980	-0.716243	-0.100091	0.987605	0.120904	0.709418	0.156037	-0.687298
2403705	8.9027	1.1525	-1.5897	-0.698898	0.011896	-0.715123	-0.101009	0.988198	0.115156	0.708053	0.152716	-0.689448
2403833	8.9057	1.1487	-1.5872	-0.700525	0.002758	-0.713622	-0.103192	0.989091	0.105120	0.706127	0.147279	-0.692599
2403954	8.9103	1.1447	-1.5824	-0.702070	-0.006454	-0.712079	-0.105996	0.989766	0.095536	0.704175	0.142551	-0.695570
2404086	8.9139	1.1409	-1.5812	-0.702089	-0.015110	-0.711929	-0.109475	0.990180	0.086946	0.703624	0.138982	-0.696848
2404206	8.9148	1.1364	-1.5773	-0.701771	-0.020670	-0.712102	-0.110644	0.990612	0.080285	0.703758	0.135131	-0.697470
2404332	8.9134	1.1319	-1.5760	-0.701369	-0.024417	-0.712380	-0.111397	0.990888	0.075711	0.704040	0.132458	-0.697698
2404456	8.9136	1.1282	-1.5742	-0.699892	-0.025675	-0.713787	-0.109815	0.991339	0.072019	0.705756	0.128791	-0.696650
2404581	8.9138	1.1255	-1.5750	-0.699564	-0.027608	-0.714036	-0.109864	0.991528	0.069300	0.706074	0.126927	-0.696670
2404705	8.9113	1.1243	-1.5761	-0.698042	-0.026149	-0.715579	-0.107391	0.991853	0.068515	0.707958	0.124674	-0.695163
2404838	8.9097	1.1252	-1.5776	-0.697376	-0.022750	-0.716344	-0.105384	0.991887	0.071092	0.708915	0.125069	-0.694116
2404951	8.9095	1.1246	-1.5819	-0.696554	-0.018875	-0.717256	-0.103568	0.991830	0.074478	0.709990	0.126163	-0.692818
2405086	8.9070	1.1257	-1.5837	-0.696269	-0.014273	-0.717639	-0.102390	0.991553	0.079620	0.710441	0.128916	-0.691849
2405205	8.9046	1.1284	-1.5882	-0.695589	-0.010031	-0.718370	-0.101859	0.991179	0.084789	0.711183	0.132151	-0.690475
2405332	8.9021	1.1307	-1.5919	-0.695177	-0.005433	-0.718818	-0.101338	0.990726	0.090516	0.711660	0.135769	-0.689280
2405460	8.8987	1.1335	-1.5955	-0.696174	-0.002666	-0.717869	-0.101147	0.990382	0.094412	0.710712	0.138338	-0.689747
2405581	8.8963	1.1332	-1.5978	-0.696839	-0.001379	-0.717226	-0.101292	0.990165	0.096509	0.710039	0.139900	-0.690125
2405704	8.8945	1.1346	-1.5981	-0.697372	-0.001729	-0.716707	-0.101504	0.990156	0.096377	0.709485	0.139959	-0.690683
2405829	8.8946	1.1323	-1.5979	-0.698684	-0.003095	-0.715423	-0.102655	0.990077	0.095970	0.708027	0.140495	-0.692069
2405954	8.8936	1.1308	-1.5971	-0.698446	-0.004326	-0.715650	-0.102737	0.990230	0.094281	0.708250	0.139374	-0.692067
2406088	8.8954	1.1284	-1.5942	-0.698961	-0.009597	-0.715095	-0.105227	0.990407	0.089560	0.707376	0.137847	-0.693266
2406206	8.8963	1.1259	-1.5907	-0.699758	-0.015635	-0.714209	-0.107367	0.990706	0.083507	0.706265	0.135117	-0.694933
2406332	8.8987	1.1240	-1.5887	-0.700703	-0.022625	-0.713094	-0.110860	0.990810	0.077498	0.704787	0.133356	-0.696772
2406456	8.9009	1.1221	-1.5855	-0.700783	-0.030369	-0.712728	-0.113569	0.991101	0.069436	0.704276	0.129603	-0.697996
2406577	8.9034	1.1172	-1.5820	-0.700914	-0.037444	-0.712262	-0.116201	0.991274	0.062237	0.703717	0.126388	-0.699149
2406702	8.9057	1.1144	-1.5790	-0.701219	-0.044444	-0.711559	-0.118591	0.991422	0.054943	0.703014	0.122911	-0.700475
2406840	8.9083	1.1143	-1.5750	-0.700951	-0.050445	-0.711423	-0.121482	0.991364	0.049399	0.702787	0.121052	-0.701025
2406955	8.9125	1.1120	-1.5733	-0.699866	-0.055024	-0.712152	-0.124414	0.991178	0.045684	0.703355	0.120574	-0.700538
2407087	8.9159	1.1121	-1.5712	-0.698243	-0.059691	-0.713368	-0.128158	0.990841	0.042533	0.704296	0.121123	-0.699497
2407205	8.9195	1.1110	-1.5699	-0.697271	-0.064888	-0.713865	-0.131975	0.990490	0.038874	0.704554	0.121318	-0.699204
2407331	8.9232	1.1129	-1.5690	-0.696388	-0.068251	-0.714413	-0.135505	0.990067	0.037500	0.704757	0.122921	-0.698719
2407457	8.9245	1.1137	-1.5673	-0.694820	-0.070694	-0.715700	-0.138101	0.989752	0.036307	0.705800	0.124066	-0.697463
2407578	8.9253	1.1160	-1.5661	-0.692927	-0.069869	-0.717615	-0.139015	0.989565	0.037886	0.707479	0.126012	-0.695409
2407705	8.9262	1.1172	-1.5658	-0.691851	-0.068423	-0.718791	-0.139477	0.989414	0.040065	0.708440	0.127974	-0.694071
2407835	8.9261	1.1164	-1.5661	-0.690408	-0.064522	-0.720537	-0.137518	0.989559	0.043156	0.710229	0.128882	-0.692073
2407954	8.9258	1.1165	-1.5679	-0.689553	-0.059426	-0.721793	-0.135318	0.989649	0.047795	0.711482	0.130629	-0.690456
2408090	8.9238	1.1168	-1.5688	-0.687323	-0.053684	-0.724365	-0.132352	0.989826	0.052227	0.714191	0.131768	-0.687436
2408205	8.9216	1.1169	-1.5699	-0.686388	-0.048674	-0.725605	-0.129069	0.990071	0.055679	0.715690	0.131870	-0.685855
2408330	8.9207	1.1170	-1.5706	-0.685430	-0.046067	-0.726680	-0.127549	0.990162	0.057538	0.716880	0.132125	-0.684563
2408465	8.9195	1.1171	-1.5711	-0.683327	-0.043781	-0.728799	-0.126396	0.990222	0.059024	0.719089	0.132450	-0.682179
2408579	8.9200	1.1173	-1.5711	-0.681839	-0.043472	-0.730209	-0.126391	0.990220	0.059067	0.720500	0.132567	-0.680666
2408705	8.9217	1.1170	-1.5685	-0.680123	-0.046030	-0.731651	-0.128306	0.990096	0.056980	0.721782	0.132629	-0.679294
2408832	8.9231	1.1174	-1.5669	-0.679139	-0.048646	-0.732396	-0.130927	0.989828	0.055662	0.722239	0.133693	-0.678600
2408954	8.9247	1.1168	-1.5646	-0.677774	-0.052815	-0.733371	-0.134343	0.989522	0.052896	0.722893	0.134375	-0.677767
2409085	8.9266	1.1172	-1.5617	-0.676581	-0.057865	-0.734091	-0.138130	0.989185	0.049336	0.723297	0.134780	-0.677256
2409206	8.9284	1.1177	-1.5596	-0.676171	-0.063688	-0.733987	-0.141736	0.988892	0.044766	0.722982	0.134302	-0.677687
2409331	8.9299	1.1168	-1.5555	-0.675461	-0.070202	-0.734046	-0.145866	0.988508	0.039686	0.722824	0.133879	-0.677939
2409456	8.9313	1.1152	-1.5533	-0.675247	-0.076404	-0.733624	-0.149133	0.988220	0.034347	0.722358	0.132600	-0.678688
2409579	8.9335	1.1133	-1.5505	-0.674188	-0.083699	-0.733802	-0.153230	0.987791	0.028112	0.722490	0.131393	-0.678782
2409704	8.9344	1.1113	-1.5480	-0.674246	-0.090494	-0.732942	-0.156072	0.987508	0.021648	0.721827	0.128987	-0.679947
2409834	8.9367	1.1107	-1.5468	-0.673501	-0.097307	-0.732754	-0.159977	0.986992	0.015972	0.721667	0.127981	-0.680307
2409953	8.9386	1.1108	-1.5452	-0.672538	-0.103149	-0.732838	-0.163180	0.986536	0.010895	0.721848	0.126912	-0.680315
2410088	8.9387	1.1090	-1.5443	-0.672295	-0.106459	-0.732589	-0.165110	0.986241	0.008202	0.721636	0.126471	-0.680622
2410206	8.9400	1.1094	-1.5423	-0.671185	-0.110593	-0.732994	-0.167729	0.985821	0.004846	0.722065	0.126196	-0.680218
2410327	8.9419	1.1112	-1.5410	-0.670118	-0.112665	-0.733654	-0.169343	0.985551	0.003330	0.722679	0.126471	-0.679515
2410463	8.9422	1.1129	-1.5430	-0.668347	-0.111443	-0.735454	-0.169701	0.985483	0.004887	0.724233	0.128073	-0.677557
2410581	8.9424	1.1127	-1.5438	-0.667870	-0.108225	-0.736367	-0.168094	0.985742	0.007582	0.725048	0.128843	-0.676539
2410705	8.9432	1.1155	-1.5477	-0.666175	-0.102747	-0.738684	-0.166813	0.985899	0.013305	0.726900	0.132086	-0.673921
2410833	8.9451	1.1231	-1.5509	-0.663353	-0.096504	-0.742058	-0.167479	0.985640	0.021534	0.729324	0.138564	-0.669990
2410954	8.9420	1.1462	-1.5540	-0.661219	-0.087859	-0.745030	-0.166623	0.985512	0.031661	0.731455	0.145074	-0.666279
2411082	8.9311	1.1736	-1.5545	-0.662522	-0.077750	-0.744996	-0.162510	0.985828	0.041636	0.731201	0.148654	-0.665768
2411201	8.9252	1.1919	-1.5592	-0.664827	-0.064315	-0.744223	-0.155902	0.986293	0.054036	0.730547	0.151950	-0.665741
2411332	8.9407	1.1847	-1.5576	-0.665666	-0.048931	-0.744644	-0.147458	0.986798	0.066975	0.731536	0.154387	-0.664094
2411461	8.9390	1.1658	-1.5600	-0.666032	-0.035256	-0.745089	-0.137464	0.987575	0.076149	0.733147	0.153141	-0.662604
2411580	8.9214	1.1620	-1.5682	-0.670283	-0.028496	-0.741558	-0.129143	0.988494	0.078746	0.730782	0.148549	-0.666251
2411707	8.9160	1.1536	-1.5599	-0.672542	-0.023412	-0.739689	-0.121044	0.989520	0.078736	0.730093	0.142489	-0.668327
